0 0.265920 0.266790 0.147406 0.089953
0 0.320165 0.151851 0.154481 0.106610
0 0.084906 0.254296 0.169811 0.124934
0 0.149175 0.024286 0.163915 0.048572
0 0.312500 0.029283 0.148585 0.058566
0 0.755307 0.017623 0.149764 0.035245
0 0.446934 0.964887 0.125000 0.070226
0 0.423939 0.900622 0.142689 0.141592
0 0.431014 0.763194 0.149764 0.133263
0 0.429245 0.650754 0.148585 0.138260
0 0.420401 0.536647 0.149764 0.179905
0 0.377358 0.440032 0.132075 0.193231
0 0.738797 0.206821 0.145047 0.086621
0 0.910967 0.178503 0.147406 0.096616
0 0.723467 0.313432 0.149764 0.093284
0 0.895637 0.295941 0.159198 0.094950
0 0.742335 0.423374 0.135613 0.093284
0 0.902123 0.403384 0.162736 0.093284
0 0.731722 0.529984 0.152123 0.096616
0 0.887382 0.513326 0.152123 0.099947
0 0.735849 0.639093 0.150943 0.101613
0 0.908608 0.622435 0.140330 0.094950
0 0.909788 0.733210 0.159198 0.096616
0 0.729953 0.739040 0.148585 0.101613
0 0.737618 0.849815 0.154481 0.093284
0 0.914505 0.837322 0.152123 0.088287
0 0.903892 0.948930 0.154481 0.094950
0 0.732311 0.954059 0.153302 0.091882