0 0.381052 0.504112 0.153779 0.080592
0 0.373823 0.759046 0.147207 0.070724
0 0.378423 0.850329 0.156407 0.062500
0 0.377766 0.951480 0.139321 0.067434
0 0.701095 0.481908 0.139321 0.078947
0 0.708981 0.569079 0.149836 0.069079
0 0.705038 0.666118 0.157722 0.069079
0 0.704381 0.758224 0.156407 0.075658
0 0.838445 0.542763 0.064403 0.171053
0 0.896276 0.463816 0.051260 0.105263
0 0.960022 0.513980 0.055203 0.169408
0 0.834502 0.726974 0.056517 0.171053
0 0.900219 0.734375 0.064403 0.133224
0 0.965279 0.702303 0.057831 0.161184
0 0.979354 0.177632 0.041292 0.125000