0 0.122399 0.465461 0.216646 0.128289
0 0.126071 0.612664 0.241126 0.113487
0 0.125459 0.738487 0.237454 0.115132
0 0.583843 0.917763 0.221542 0.131579
0 0.623011 0.611842 0.199510 0.111842
0 0.588739 0.490954 0.192166 0.110197
0 0.598531 0.346217 0.216646 0.120066
0 0.600979 0.222039 0.155447 0.115132
0 0.614443 0.083882 0.192166 0.121711
0 0.769890 0.427632 0.089351 0.259868
0 0.862301 0.425164 0.088127 0.258224
0 0.960220 0.448191 0.075887 0.241776
0 0.962362 0.163651 0.075275 0.248355
0 0.870257 0.163651 0.086903 0.254934
0 0.776010 0.166941 0.079559 0.248355