0 0.256096 0.685855 0.203138 0.108553
0 0.360429 0.335526 0.102260 0.226974
0 0.476508 0.364309 0.096732 0.241776
0 0.581532 0.363487 0.091205 0.194079
0 0.672736 0.369243 0.085677 0.235197
0 0.153836 0.346217 0.120225 0.231908
0 0.049626 0.347862 0.099252 0.241776
0 0.090960 0.874178 0.107788 0.251644
0 0.196675 0.884868 0.098114 0.230263
0 0.292716 0.899671 0.105024 0.200658
0 0.507600 0.898849 0.103642 0.202302
0 0.720412 0.865954 0.098114 0.261513
0 0.832345 0.837171 0.092587 0.233553
0 0.932532 0.855263 0.091205 0.220395