0 0.534300 0.905428 0.144551 0.189144
0 0.681301 0.834704 0.164151 0.129934
0 0.708251 0.693257 0.176401 0.100329
0 0.509188 0.235197 0.079626 0.223684
0 0.533688 0.443257 0.077176 0.159539
0 0.130660 0.942434 0.172726 0.115132
0 0.199873 0.814145 0.186201 0.131579
0 0.169860 0.706414 0.182526 0.162829
0 0.138622 0.597039 0.166601 0.187500
0 0.150260 0.428454 0.160476 0.149671
0 0.139235 0.291118 0.172726 0.144737
0 0.147198 0.125000 0.196001 0.151316
0 0.139847 0.041118 0.191101 0.082236
0 0.792165 0.338816 0.074726 0.236842
0 0.869340 0.339638 0.072276 0.218750
0 0.953866 0.351974 0.074726 0.223684
0 0.873015 0.045230 0.170276 0.090460