0 0.154957 0.901316 0.061715 0.125000
0 0.218542 0.891060 0.056104 0.129644
0 0.279184 0.907024 0.056930 0.138351
0 0.338176 0.899284 0.054454 0.140286
0 0.403769 0.907024 0.063530 0.128676
0 0.471424 0.908475 0.058580 0.133514
0 0.532067 0.908475 0.054454 0.119969
0 0.591884 0.903638 0.061880 0.133514
0 0.649226 0.904122 0.054454 0.109327
0 0.712756 0.901219 0.051154 0.134481
0 0.771748 0.904122 0.060230 0.138351
0 0.835278 0.897349 0.053629 0.132546
0 0.923560 0.788990 0.109734 0.060952
0 0.956563 0.633707 0.086632 0.059985
0 0.895508 0.540344 0.051979 0.111262
0 0.835691 0.539861 0.052804 0.127709
0 0.773398 0.536474 0.058580 0.146091
0 0.706981 0.533088 0.056104 0.129644
0 0.648813 0.536474 0.051979 0.119002
0 0.591471 0.541796 0.056104 0.135449
0 0.527116 0.545666 0.059405 0.148994
0 0.416970 0.536474 0.058580 0.130611
0 0.360865 0.555341 0.060230 0.139319
0 0.301873 0.546149 0.061055 0.144156
0 0.239993 0.545182 0.059405 0.138351
0 0.180589 0.542279 0.062705 0.140286
0 0.119946 0.537442 0.061880 0.128676
0 0.114282 0.306743 0.058910 0.146382
0 0.175295 0.320724 0.051897 0.131579
0 0.237010 0.312500 0.054702 0.144737
0 0.300829 0.314145 0.050494 0.128289
0 0.358336 0.310855 0.053299 0.134868
0 0.417246 0.310855 0.053299 0.148026
0 0.525948 0.319901 0.054702 0.129934
0 0.590468 0.310855 0.054702 0.141447
0 0.652183 0.312500 0.051897 0.131579
0 0.716002 0.314145 0.053299 0.134868
0 0.779821 0.314967 0.057507 0.126645
0 0.838731 0.311678 0.057507 0.133224
0 0.901147 0.305099 0.050494 0.126645
0 0.941823 0.203947 0.112209 0.062500
0 0.987743 0.032072 0.024514 0.064144
0 0.194932 0.041118 0.060312 0.082236
0 0.259452 0.037007 0.057507 0.074013
0 0.319063 0.034539 0.058910 0.069078
0 0.384285 0.035362 0.046286 0.070724
0 0.441792 0.040296 0.063118 0.080592
0 0.511221 0.036184 0.056104 0.072368
0 0.575040 0.037007 0.051897 0.074013
0 0.635352 0.037007 0.060312 0.074013
0 0.696366 0.037007 0.058910 0.074013
0 0.758081 0.035362 0.056104 0.070724
0 0.819796 0.032895 0.056104 0.065789
0 0.877303 0.028783 0.053299 0.057566
0 0.938316 0.034539 0.051897 0.069078