0 0.063639 0.106086 0.099390 0.212171
0 0.160986 0.102796 0.084413 0.205592
0 0.246761 0.115132 0.081690 0.210526
0 0.332535 0.115132 0.076244 0.210526
0 0.414225 0.114309 0.073521 0.199013
0 0.496596 0.114309 0.080329 0.202303
0 0.578967 0.097862 0.073521 0.169408
0 0.659296 0.095395 0.070798 0.131579
0 0.105165 0.323191 0.174272 0.110197
0 0.027395 0.534539 0.054789 0.207237
0 0.098357 0.529605 0.078967 0.184211
0 0.180728 0.538651 0.083052 0.175987
0 0.269906 0.528783 0.073521 0.208882
0 0.352958 0.547697 0.081690 0.180921
0 0.438732 0.545230 0.073521 0.192434
0 0.523146 0.545230 0.070798 0.179276
0 0.699460 0.512336 0.074883 0.205592
0 0.779108 0.512336 0.068075 0.192434
0 0.865563 0.499178 0.077606 0.189145
0 0.957464 0.495066 0.076244 0.187500
0 0.096315 0.877467 0.085775 0.208882
0 0.180047 0.868421 0.076244 0.187500
0 0.264460 0.878289 0.076244 0.203947
0 0.346150 0.889803 0.078967 0.187500
0 0.429202 0.879934 0.076244 0.184211
0 0.690610 0.738487 0.070798 0.184211
0 0.779788 0.740132 0.072160 0.187500
0 0.862840 0.733553 0.069437 0.171053
0 0.924788 0.842105 0.130704 0.177632