0 0.194456 0.161732 0.060659 0.154605
0 0.254716 0.148575 0.053476 0.154605
0 0.312981 0.154057 0.055072 0.163377
0 0.375635 0.148026 0.055870 0.149123
0 0.435496 0.151864 0.055870 0.148026
0 0.494958 0.153509 0.051880 0.162281
0 0.554021 0.151864 0.051880 0.156798
0 0.672546 0.149123 0.052678 0.153509
0 0.729214 0.152412 0.052678 0.160088
0 0.782690 0.145285 0.047889 0.139254
0 0.834969 0.148026 0.050283 0.149123
0 0.894032 0.152961 0.055072 0.145833
0 0.955489 0.149671 0.048687 0.145833
0 0.170511 0.491228 0.057467 0.144737
0 0.290632 0.497807 0.050283 0.140351
0 0.348897 0.490132 0.053476 0.160088
0 0.401974 0.496711 0.047889 0.149123
0 0.513316 0.476425 0.050283 0.150219
0 0.571580 0.486294 0.053476 0.163377
0 0.627051 0.487390 0.054274 0.158991
0 0.686913 0.490680 0.043100 0.115132
0 0.745177 0.489583 0.054274 0.139254
0 0.803442 0.492325 0.049485 0.133772
0 0.864500 0.485197 0.040706 0.148026
0 0.976747 0.455592 0.046506 0.156798
0 0.975949 0.625768 0.048102 0.161184
0 0.857317 0.737610 0.048687 0.132675
0 0.803442 0.752961 0.047889 0.156798
0 0.684917 0.749671 0.050283 0.150219
0 0.111448 0.749671 0.055870 0.154605
0 0.173704 0.759539 0.054274 0.139254
0 0.233565 0.748575 0.047889 0.145833
0 0.288637 0.750219 0.051081 0.144737
0 0.347700 0.753509 0.054274 0.144737
0 0.403171 0.768311 0.051880 0.150219
0 0.509724 0.744737 0.054274 0.140351
0 0.571181 0.739803 0.054274 0.139254
0 0.624657 0.751316 0.049485 0.142544