0 0.045655 0.434211 0.087397 0.052632
0 0.075585 0.973684 0.073030 0.046053
0 0.077980 0.901316 0.053875 0.049342
0 0.067803 0.828125 0.083805 0.044408
0 0.070198 0.765625 0.088594 0.054276
0 0.061817 0.698191 0.081411 0.047697
0 0.061817 0.632401 0.090989 0.047697
0 0.052239 0.546053 0.071833 0.046053
0 0.055232 0.491776 0.096975 0.046053
0 0.225238 0.183388 0.087397 0.054276
0 0.220449 0.124178 0.070636 0.047697
0 0.217775 0.066847 0.086838 0.053806
0 0.223442 0.013980 0.086200 0.027960
0 0.345559 0.935855 0.033522 0.101974
0 0.458097 0.918586 0.038311 0.116776
0 0.501197 0.916941 0.035917 0.116776
0 0.541903 0.919408 0.033522 0.108553
0 0.579615 0.919408 0.041903 0.108553
0 0.622715 0.924342 0.039508 0.105263
0 0.347223 0.093985 0.039337 0.098684
0 0.706731 0.923285 0.035917 0.106908
0 0.749917 0.922110 0.036772 0.111607
0 0.789682 0.920935 0.032496 0.111607
0 0.831584 0.923872 0.037627 0.105733
0 0.873915 0.923872 0.033351 0.108083
0 0.914535 0.917411 0.032496 0.113957
0 0.343289 0.657777 0.034206 0.102209
0 0.345427 0.530310 0.035061 0.112782
0 0.429660 0.643092 0.035917 0.108083
0 0.473273 0.646617 0.034206 0.103383
0 0.514748 0.639568 0.035061 0.103383
0 0.553658 0.638980 0.035917 0.104558
0 0.595133 0.639568 0.038482 0.105733
0 0.633615 0.650728 0.035061 0.109258
0 0.708442 0.635456 0.037627 0.104558
0 0.751627 0.632519 0.038482 0.096335
0 0.788826 0.636043 0.041048 0.105733
0 0.834150 0.636631 0.035917 0.106908
0 0.916673 0.640155 0.035061 0.111607
0 0.955582 0.627232 0.034206 0.092810
0 0.469853 0.459821 0.039337 0.103383
0 0.553658 0.462171 0.035917 0.096335
0 0.595988 0.455710 0.040192 0.106908
0 0.634471 0.459821 0.035061 0.105733
0 0.712290 0.445841 0.035061 0.106908
0 0.753765 0.450540 0.039337 0.116306
0 0.792675 0.451715 0.035061 0.113957
0 0.835005 0.454065 0.030786 0.083412
0 0.877335 0.452303 0.038482 0.098684
0 0.917528 0.455240 0.035061 0.092810
0 0.962851 0.449953 0.033351 0.105733
0 0.981639 0.213228 0.036721 0.109258
0 0.938051 0.211466 0.035061 0.105733
0 0.901280 0.210879 0.029931 0.097509
0 0.863653 0.213816 0.035061 0.112782
0 0.825171 0.213816 0.036772 0.108083
0 0.738800 0.214403 0.040192 0.113957
0 0.698180 0.217340 0.037627 0.110432
0 0.657132 0.213816 0.037627 0.105733
0 0.614802 0.213228 0.038482 0.104558
0 0.569906 0.219102 0.037627 0.113957
0 0.530141 0.216165 0.036772 0.108083
0 0.489949 0.225564 0.040192 0.105733