0 0.350487 0.900493 0.179857 0.110197
0 0.344970 0.757401 0.151168 0.097039
0 0.337246 0.987664 0.151168 0.024671
0 0.344970 0.622533 0.175443 0.106908
0 0.346073 0.481086 0.166616 0.110197
0 0.352694 0.359375 0.144548 0.097039
0 0.354901 0.242599 0.175443 0.110197
0 0.369797 0.120888 0.163306 0.106908
0 0.706891 0.452303 0.173237 0.115132
0 0.721235 0.582237 0.131307 0.101974
0 0.711856 0.710526 0.147858 0.108553
0 0.700822 0.833882 0.154478 0.108553
0 0.700822 0.952303 0.161099 0.095394
0 0.360418 0.024671 0.179857 0.049342