0 0.512056 0.600329 0.114530 0.088816
0 0.640650 0.516447 0.120558 0.092105
0 0.898844 0.533717 0.118548 0.083882
0 0.513060 0.706414 0.122567 0.080592
0 0.520595 0.814967 0.121562 0.097039
0 0.522102 0.942434 0.118548 0.095395
0 0.193964 0.652707 0.054869 0.206225
0 0.127890 0.668522 0.054096 0.161943
0 0.061042 0.655238 0.057960 0.178391
0 0.014872 0.647647 0.029744 0.193573
0 0.038244 0.220648 0.066461 0.187247
0 0.109729 0.221280 0.064143 0.206225
0 0.178122 0.220648 0.061824 0.197368
0 0.242651 0.226341 0.057960 0.168269
0 0.301771 0.228239 0.061824 0.197368
0 0.358958 0.247217 0.052551 0.184717
0 0.416919 0.235830 0.052551 0.197368
0 0.551773 0.226974 0.053324 0.204960
0 0.613597 0.213057 0.053324 0.182186
0 0.677354 0.198507 0.052551 0.165739
0 0.737633 0.197242 0.055642 0.150557
0 0.802935 0.211791 0.061052 0.192308
0 0.888798 0.218750 0.056260 0.203947
0 0.951086 0.217928 0.050232 0.179276