0 0.175251 0.674848 0.099697 0.063259
0 0.398053 0.630567 0.047681 0.126518
0 0.396752 0.776063 0.038145 0.134109
0 0.444434 0.775430 0.050282 0.142966
0 0.486476 0.615954 0.049589 0.146382
0 0.448599 0.954633 0.101431 0.061678
0 0.558482 0.954633 0.095796 0.061678
0 0.675879 0.951206 0.086404 0.054825
0 0.798912 0.950521 0.099553 0.064419
0 0.910204 0.947780 0.104249 0.069901
0 0.453793 0.412829 0.130733 0.092105
0 0.234025 0.847862 0.072129 0.175987
0 0.387806 0.133224 0.047335 0.132675
0 0.441151 0.140351 0.044329 0.127193
0 0.488861 0.150768 0.039070 0.121711
0 0.535069 0.155702 0.047335 0.131579
0 0.584281 0.153509 0.045080 0.135965
0 0.632367 0.146930 0.045080 0.118421
0 0.730793 0.144189 0.037567 0.101974
0 0.779254 0.137061 0.036816 0.122807
0 0.829219 0.141996 0.042075 0.130482
0 0.383673 0.281250 0.051091 0.143640
0 0.440024 0.299890 0.051091 0.141447
0 0.494120 0.292215 0.045080 0.139254
0 0.541079 0.293860 0.042826 0.111842
0 0.586535 0.292763 0.048086 0.125000
0 0.634621 0.298794 0.043578 0.134868
0 0.687215 0.302083 0.048086 0.148026
0 0.734174 0.291667 0.041324 0.149123
0 0.788646 0.276316 0.045080 0.133772
0 0.837108 0.290570 0.039821 0.146930
0 0.879559 0.287829 0.037567 0.143640
0 0.925390 0.277961 0.048086 0.143640
0 0.977722 0.279605 0.044556 0.125000
0 0.875802 0.133772 0.040572 0.131579
0 0.922385 0.117873 0.039070 0.119518
0 0.969344 0.133772 0.042826 0.140351
0 0.492993 0.779276 0.039821 0.134868
0 0.539201 0.768860 0.040572 0.131579
0 0.582779 0.744189 0.045080 0.123904
0 0.634246 0.760636 0.048837 0.141447
0 0.686464 0.758443 0.042075 0.117325
0 0.734174 0.750219 0.042826 0.133772
0 0.783011 0.760636 0.042826 0.141447
0 0.834102 0.749671 0.044329 0.134868
0 0.878432 0.743640 0.038318 0.116228
0 0.925390 0.734868 0.042075 0.138158
0 0.976219 0.732127 0.047561 0.143640
0 0.538074 0.624123 0.041324 0.135965
0 0.587287 0.609320 0.039070 0.119518
0 0.631240 0.609868 0.042826 0.142544
0 0.683083 0.613158 0.042826 0.142544
0 0.733423 0.605482 0.045832 0.138158
0 0.781884 0.602193 0.040572 0.138158
0 0.829219 0.601096 0.042075 0.151316
0 0.877680 0.597807 0.042826 0.140351
0 0.924263 0.590132 0.041324 0.133772
0 0.972349 0.584649 0.039821 0.131579