0 0.020548 0.909793 0.041096 0.158148
0 0.019728 0.679529 0.039455 0.150557
0 0.189150 0.691549 0.058238 0.134109
0 0.178487 0.911058 0.053316 0.160678
0 0.292912 0.911058 0.055777 0.153087
0 0.350329 0.911690 0.052496 0.154352
0 0.447939 0.906630 0.049215 0.141700
0 0.502075 0.915486 0.045934 0.154352
0 0.553340 0.914221 0.043473 0.146761
0 0.602145 0.919914 0.042653 0.148026
0 0.739126 0.876265 0.041012 0.151822
0 0.792443 0.877530 0.044293 0.136640
0 0.856422 0.883224 0.044293 0.155617
0 0.907687 0.880693 0.048395 0.135374
0 0.260922 0.688386 0.049215 0.125253
0 0.346638 0.684590 0.048395 0.140435
0 0.451630 0.683325 0.050035 0.142966
0 0.730104 0.710526 0.042653 0.159413
0 0.785470 0.716473 0.048395 0.150557
0 0.835916 0.710779 0.045934 0.134109
0 0.888412 0.732920 0.044293 0.132844
0 0.945829 0.706984 0.045934 0.164474
0 0.853551 0.462171 0.079564 0.064524
0 0.846989 0.374873 0.102531 0.067055
0 0.855192 0.298963 0.102531 0.069585
0 0.859703 0.225582 0.059058 0.059464
0 0.844938 0.151569 0.093508 0.080972