0 0.022256 0.467379 0.044511 0.134320
0 0.078177 0.472405 0.054298 0.109649
0 0.138991 0.466923 0.049955 0.116959
0 0.196547 0.473319 0.062262 0.138889
0 0.260257 0.467379 0.050679 0.128838
0 0.314918 0.464638 0.049955 0.134320
0 0.373560 0.465095 0.055746 0.138889
0 0.434737 0.463724 0.052127 0.132493
0 0.486501 0.460526 0.045611 0.118787
0 0.536456 0.462811 0.055746 0.147113
0 0.595460 0.466009 0.049231 0.131579
0 0.719985 0.459156 0.053575 0.137975
0 0.772835 0.459613 0.044887 0.104167
0 0.092656 0.731908 0.048507 0.131579
0 0.156728 0.731451 0.052127 0.114218
0 0.222611 0.726425 0.050679 0.129751
0 0.277633 0.735106 0.047783 0.119700
0 0.327588 0.735563 0.046335 0.124269
0 0.389488 0.727796 0.049955 0.125183
0 0.448130 0.727796 0.054298 0.134320
0 0.506411 0.722314 0.047783 0.125183
0 0.560709 0.717288 0.049231 0.131579
0 0.617180 0.723227 0.046335 0.128838
0 0.675822 0.717745 0.049231 0.134320
0 0.733378 0.715461 0.045611 0.131579
0 0.787677 0.719572 0.045611 0.134320
0 0.899532 0.747442 0.047783 0.131579
0 0.963966 0.728253 0.044887 0.137061
0 0.104845 0.917434 0.057339 0.128289
0 0.198239 0.917982 0.091221 0.129386
0 0.285551 0.924013 0.059077 0.137061
0 0.386329 0.924561 0.057339 0.131579
0 0.454962 0.910855 0.055602 0.128289
0 0.557912 0.911952 0.052995 0.126096
0 0.673025 0.902083 0.050389 0.143640
0 0.729495 0.910307 0.048651 0.142544
0 0.786400 0.908114 0.046045 0.122807
0 0.908029 0.892215 0.046045 0.123904
0 0.965802 0.876864 0.048651 0.137061