0 0.107587 0.860197 0.112118 0.065789
0 0.094573 0.953947 0.098103 0.072368
0 0.069046 0.691612 0.127134 0.083882
0 0.071549 0.602796 0.104110 0.080592
0 0.285774 0.182566 0.044046 0.128289
0 0.289779 0.375822 0.048051 0.136513
0 0.287776 0.710526 0.048051 0.154605
0 0.290279 0.877467 0.047050 0.156250
0 0.340832 0.714638 0.050053 0.169408
0 0.339331 0.884868 0.045047 0.154605
0 0.392887 0.892270 0.046049 0.159539
0 0.444942 0.892270 0.046049 0.159539
0 0.441939 0.718750 0.040042 0.154605
0 0.393888 0.710526 0.044046 0.164474
0 0.489489 0.712171 0.041043 0.154605
0 0.491992 0.885691 0.040042 0.146382
0 0.539542 0.704770 0.041043 0.159539
0 0.542044 0.878289 0.046049 0.157895
0 0.587592 0.877467 0.041043 0.152961
0 0.638146 0.873355 0.048051 0.151316
0 0.586091 0.710526 0.046049 0.164474
0 0.635643 0.685033 0.043045 0.146382
0 0.334101 0.199266 0.049283 0.173330
0 0.339876 0.373861 0.042352 0.148026
0 0.389929 0.356781 0.045432 0.144231
0 0.387619 0.196736 0.045432 0.158148
0 0.438441 0.173330 0.050053 0.164474
0 0.440751 0.354251 0.046973 0.167004
0 0.488494 0.171432 0.042352 0.158148
0 0.491574 0.357414 0.043892 0.180921
0 0.540472 0.347293 0.044662 0.153087
0 0.534697 0.180288 0.045432 0.153087
0 0.587059 0.175860 0.043892 0.154352
0 0.587829 0.361210 0.045432 0.170800
0 0.637882 0.156883 0.045432 0.141700
0 0.638267 0.329580 0.044662 0.168269
0 0.687165 0.167004 0.045432 0.156883
0 0.688320 0.334008 0.043122 0.159413
0 0.736448 0.151822 0.045432 0.154352
0 0.737603 0.318193 0.049283 0.155617
0 0.784575 0.169534 0.038502 0.131579
0 0.785345 0.321989 0.043122 0.163209
0 0.837708 0.326417 0.046203 0.151822
0 0.831163 0.160678 0.045432 0.154352
0 0.691785 0.871204 0.040812 0.154352
0 0.739143 0.868041 0.040042 0.155617
0 0.737218 0.699140 0.043892 0.149291
0 0.790736 0.671938 0.044662 0.148026
0 0.788040 0.871837 0.040812 0.165739
0 0.838478 0.876898 0.044662 0.155617
0 0.838863 0.694079 0.043892 0.169534
0 0.888146 0.679529 0.043892 0.137905
0 0.886991 0.859818 0.041582 0.164474
0 0.940124 0.861083 0.041582 0.164474
0 0.937429 0.695977 0.039272 0.148026
0 0.982768 0.698507 0.034464 0.158148
0 0.983538 0.858553 0.032924 0.149291
0 0.926950 0.142270 0.037039 0.143092
0 0.977239 0.152961 0.045521 0.141447
0 0.886908 0.310033 0.041043 0.159539
0 0.936460 0.312500 0.040042 0.157895
0 0.982245 0.321546 0.035510 0.172697
0 0.078319 0.066612 0.156638 0.126645