0 0.047164 0.190320 0.062983 0.185620
0 0.116530 0.190907 0.067239 0.165648
0 0.220793 0.200305 0.069792 0.172697
0 0.284202 0.190320 0.050216 0.164474
0 0.349313 0.187970 0.047663 0.162124
0 0.412721 0.180921 0.058728 0.166823
0 0.552306 0.181508 0.058728 0.165648
0 0.612310 0.189732 0.059579 0.158600
0 0.741681 0.181508 0.057876 0.160949
0 0.805089 0.193844 0.055323 0.166823
0 0.868072 0.183858 0.055323 0.170348
0 0.931056 0.183271 0.050216 0.155075
0 0.986168 0.170935 0.027664 0.167998
0 0.065712 0.462289 0.131424 0.078712
0 0.248454 0.463463 0.137031 0.074013
0 0.395699 0.528078 0.123413 0.071664
0 0.377825 0.726621 0.121711 0.092810
0 0.773172 0.542763 0.054472 0.157425
0 0.839985 0.541001 0.057025 0.179746
0 0.900841 0.532190 0.051067 0.133929
0 0.966377 0.538651 0.056174 0.158600