0 0.109342 0.800987 0.058657 0.167763
0 0.032968 0.868421 0.065936 0.078947
0 0.183569 0.798476 0.066067 0.157548
0 0.251179 0.798476 0.060510 0.162742
0 0.313850 0.797611 0.059892 0.147161
0 0.381769 0.796312 0.058657 0.172265
0 0.446292 0.797611 0.050631 0.152355
0 0.512359 0.802805 0.058040 0.176593
0 0.575030 0.795014 0.054953 0.171399
0 0.644184 0.796745 0.056188 0.162742
0 0.708089 0.786357 0.053100 0.159280
0 0.769525 0.785492 0.052483 0.164474
0 0.825428 0.780592 0.049272 0.148026
0 0.891125 0.783882 0.049272 0.162829
0 0.957153 0.787468 0.049686 0.139178