0 0.023247 0.830592 0.046493 0.164474
0 0.024296 0.078947 0.048592 0.157894
0 0.223382 0.158717 0.053539 0.172697
0 0.282170 0.151316 0.049340 0.151316
0 0.337283 0.165296 0.052489 0.169408
0 0.395546 0.162007 0.053539 0.169408
0 0.508398 0.155428 0.050390 0.152961
0 0.566661 0.162007 0.055639 0.159539
0 0.621775 0.165296 0.050390 0.169408
0 0.678463 0.142270 0.046191 0.129934
0 0.725704 0.165296 0.056688 0.179276
0 0.781342 0.138158 0.048290 0.115132
0 0.835931 0.165296 0.050390 0.166118
0 0.899968 0.159539 0.048290 0.167763
0 0.946158 0.167763 0.046191 0.118421
0 0.882647 0.294408 0.108128 0.088816
0 0.982527 0.299342 0.034945 0.078947
0 0.145536 0.529135 0.047990 0.173872
0 0.195026 0.530898 0.049490 0.167998
0 0.249765 0.525023 0.059988 0.177397
0 0.309753 0.533835 0.053989 0.157425
0 0.371240 0.527961 0.058488 0.166823
0 0.427104 0.536772 0.047240 0.158600
0 0.528333 0.536184 0.047240 0.159774
0 0.581947 0.533835 0.055489 0.164474
0 0.635186 0.534422 0.050990 0.156250
0 0.691049 0.525611 0.047240 0.155075
0 0.748413 0.534422 0.049490 0.172697
0 0.802776 0.526786 0.056238 0.169173
0 0.859390 0.530898 0.041991 0.158600
0 0.980684 0.527961 0.038631 0.159774
0 0.199525 0.809328 0.053989 0.165648
0 0.257638 0.805804 0.051739 0.146852
0 0.313127 0.812265 0.053239 0.169173
0 0.368616 0.812852 0.053239 0.167998
0 0.421855 0.812265 0.045741 0.169173
0 0.572949 0.816964 0.047990 0.150376
0 0.627312 0.815202 0.057738 0.172697
0 0.682051 0.818727 0.047240 0.160949
0 0.738290 0.813440 0.050240 0.169173
0 0.789279 0.806978 0.050240 0.160949
0 0.843643 0.814615 0.052489 0.176222