0 0.422787 0.061994 0.147928 0.078441
0 0.178654 0.125253 0.071378 0.174595
0 0.170378 0.323254 0.079654 0.178391
0 0.169344 0.541498 0.079654 0.141700
0 0.161585 0.798077 0.070343 0.161437
0 0.454855 0.731275 0.158273 0.070850
0 0.447614 0.643345 0.152066 0.074646
0 0.436235 0.511766 0.141721 0.082237
0 0.431580 0.413715 0.146894 0.078441
0 0.418132 0.314398 0.153100 0.082237
0 0.454855 0.852859 0.139652 0.064524
0 0.456407 0.944585 0.140687 0.075911
0 0.153310 0.962804 0.068275 0.074392
0 0.753298 0.077176 0.136549 0.075911
0 0.757436 0.014550 0.134480 0.029099
0 0.540716 0.009489 0.058964 0.018978
0 0.920364 0.010121 0.137584 0.020242
0 0.953199 0.072115 0.093602 0.080972
0 0.899157 0.164474 0.132411 0.075911
0 0.750194 0.160678 0.132411 0.070850
0 0.743470 0.245445 0.137584 0.075911
0 0.915708 0.253669 0.134480 0.077176
0 0.895536 0.334008 0.154135 0.073381
0 0.735712 0.330213 0.130342 0.070850
0 0.751229 0.418143 0.142756 0.072115
0 0.902778 0.420673 0.118963 0.064524
0 0.882606 0.502910 0.126204 0.069585
0 0.736746 0.506073 0.134480 0.075911
0 0.735712 0.590967 0.122067 0.072115
0 0.872778 0.589069 0.137584 0.075911
0 0.881571 0.681427 0.128273 0.068320
0 0.737781 0.683325 0.134480 0.069585
0 0.737781 0.774418 0.132411 0.072115
0 0.888295 0.778214 0.145859 0.074646
0 0.872778 0.859818 0.137584 0.070850
0 0.725885 0.857287 0.133446 0.065789
0 0.726402 0.949646 0.140687 0.080972
0 0.877951 0.951544 0.145859 0.074646
0 0.416580 0.227100 0.162411 0.079706
0 0.430546 0.144863 0.153100 0.072115