0 0.302370 0.079770 0.142294 0.113487
0 0.390645 0.405428 0.187090 0.090461
0 0.550066 0.566612 0.071147 0.162829
0 0.436100 0.588816 0.135706 0.078947
0 0.410408 0.671875 0.108038 0.060855
0 0.183792 0.591283 0.071147 0.162829
0 0.751649 0.121711 0.139659 0.092105
0 0.771412 0.233553 0.142294 0.069079
0 0.915023 0.227796 0.144929 0.067434
0 0.909094 0.322368 0.146246 0.075658
0 0.762848 0.322368 0.135706 0.072368
0 0.751274 0.415766 0.139282 0.078712
0 0.902320 0.414004 0.132695 0.084586
0 0.898555 0.503289 0.136459 0.075188
0 0.747510 0.506814 0.133636 0.072838
0 0.748921 0.587876 0.128930 0.065789
0 0.899497 0.586701 0.134577 0.065789
0 0.753156 0.674225 0.135518 0.071664
0 0.901849 0.675399 0.133636 0.066964
0 0.891497 0.763510 0.141164 0.074013
0 0.910790 0.847509 0.130812 0.072838
0 0.747510 0.854558 0.124225 0.082237
0 0.747510 0.950305 0.131753 0.074013
0 0.533881 0.795818 0.062112 0.169173
0 0.410127 0.754112 0.138341 0.081062
0 0.410597 0.839286 0.158104 0.075188
0 0.419067 0.939145 0.150575 0.077538
0 0.184264 0.798755 0.068700 0.170348
0 0.182852 0.967810 0.071523 0.064380