0 0.419307 0.524671 0.187883 0.118421
0 0.592737 0.701480 0.084307 0.238487
0 0.777609 0.706414 0.080693 0.238487
0 0.866733 0.705592 0.075876 0.246711
0 0.961971 0.710526 0.076058 0.243421
0 0.908284 0.203125 0.079489 0.231908
0 0.819160 0.183388 0.077080 0.231908
0 0.725219 0.176809 0.084307 0.245066
0 0.629471 0.167763 0.075876 0.233553
0 0.543358 0.175987 0.084307 0.230263
0 0.444599 0.161184 0.072263 0.187500
0 0.347044 0.166118 0.077080 0.226974
0 0.139891 0.154605 0.084307 0.223684
0 0.060402 0.170230 0.077080 0.241776
0 0.034416 0.550987 0.068832 0.098684
0 0.088705 0.658717 0.167409 0.110197
0 0.087409 0.781250 0.174818 0.105263
0 0.081989 0.908717 0.163978 0.113487