0 0.167624 0.407895 0.103329 0.203947
0 0.172790 0.176809 0.092996 0.179276
0 0.463835 0.388980 0.216992 0.103618
0 0.461251 0.280428 0.194604 0.090461
0 0.497417 0.170230 0.184271 0.097039
0 0.890930 0.166941 0.099885 0.195724
0 0.469001 0.509046 0.241102 0.103618
0 0.471584 0.611842 0.229047 0.095395
0 0.459529 0.719572 0.222158 0.093750
0 0.491389 0.828125 0.230769 0.097039
0 0.463835 0.943257 0.223880 0.100329
0 0.726464 0.943257 0.232491 0.090461
0 0.726464 0.828125 0.177382 0.097039
0 0.940298 0.738487 0.119403 0.217105
0 0.727325 0.712993 0.244546 0.103618
0 0.716131 0.609375 0.180826 0.090461
0 0.727325 0.497533 0.234213 0.106908
0 0.723880 0.393092 0.254879 0.088816
0 0.713547 0.289474 0.227325 0.098684
0 0.985074 0.170230 0.029851 0.212171