0 0.532687 0.847862 0.121409 0.080592
0 0.032087 0.200658 0.064173 0.157895
0 0.117873 0.212171 0.132305 0.167763
0 0.222939 0.213816 0.118296 0.164474
0 0.319443 0.213816 0.115183 0.144737
0 0.407387 0.209704 0.119852 0.136513
0 0.469648 0.156250 0.110513 0.148026
0 0.570822 0.184211 0.116739 0.167763
0 0.640087 0.171053 0.118296 0.177632
0 0.743596 0.174342 0.119852 0.187500
0 0.851774 0.177632 0.140087 0.197368
0 0.939718 0.167763 0.094948 0.131579
0 0.979587 0.101151 0.040825 0.106908
0 0.041604 0.506579 0.070044 0.164474
0 0.121765 0.512336 0.077826 0.152961
0 0.207373 0.508224 0.074713 0.174342
0 0.282087 0.505757 0.065374 0.166118
0 0.370808 0.518914 0.077826 0.175987
0 0.454083 0.505757 0.073157 0.156250
0 0.539691 0.509868 0.073157 0.171053
0 0.625300 0.511513 0.063817 0.134868
0 0.705461 0.510691 0.074713 0.162829
0 0.787957 0.513158 0.077826 0.164474
0 0.870453 0.507401 0.074713 0.162829
0 0.949836 0.524671 0.074713 0.174342
0 0.043160 0.694079 0.076270 0.194079
0 0.126434 0.694079 0.074713 0.180921
0 0.206595 0.707237 0.076270 0.184211
0 0.293761 0.701480 0.076270 0.175987
0 0.377035 0.712171 0.074713 0.187500
0 0.461087 0.693257 0.077826 0.182566
0 0.537357 0.691612 0.071600 0.182566
0 0.615183 0.691612 0.077826 0.172697
0 0.699235 0.694079 0.077826 0.184211
0 0.794183 0.702303 0.077826 0.177632
0 0.875901 0.685855 0.079383 0.171053
0 0.964800 0.712993 0.070399 0.159539