0 0.049427 0.440789 0.081103 0.266447
0 0.137289 0.449013 0.076597 0.233553
0 0.226277 0.430099 0.081103 0.287829
0 0.320897 0.458882 0.074345 0.230263
0 0.406506 0.431743 0.074345 0.271382
0 0.497184 0.425164 0.075471 0.254934
0 0.589551 0.431743 0.082230 0.248355
0 0.683608 0.426809 0.078850 0.254934
0 0.774849 0.444079 0.076597 0.266447
0 0.869470 0.472039 0.078850 0.259868
0 0.955079 0.463816 0.081103 0.266447
0 0.957827 0.164474 0.084346 0.259868
0 0.861585 0.173520 0.072092 0.251645
0 0.773160 0.163651 0.077724 0.258224
0 0.686988 0.152138 0.076597 0.268092
0 0.596873 0.157895 0.076597 0.269737
0 0.504506 0.162007 0.081103 0.254934
0 0.415518 0.164474 0.074345 0.253289
0 0.322587 0.155428 0.075471 0.251645
0 0.231346 0.150493 0.073218 0.261513
0 0.142358 0.183388 0.075471 0.261513
0 0.053933 0.160362 0.081103 0.245066