0 0.048197 0.347862 0.067210 0.218750
0 0.135322 0.328125 0.072189 0.208882
0 0.247339 0.311678 0.072189 0.195724
0 0.335708 0.300987 0.069700 0.203947
0 0.432167 0.281250 0.075923 0.194079
0 0.525515 0.309211 0.068455 0.190789
0 0.635043 0.317434 0.058498 0.161184
0 0.728391 0.326480 0.073434 0.195724
0 0.832940 0.310033 0.073434 0.205592
0 0.928777 0.298520 0.078412 0.212171
0 0.920515 0.018914 0.158970 0.037828
0 0.229914 0.662007 0.107039 0.080592
0 0.451459 0.639803 0.149356 0.098684
0 0.712211 0.657072 0.163047 0.097039
0 0.911352 0.673520 0.163047 0.087171
0 0.878369 0.958882 0.154335 0.082236
0 0.684829 0.945724 0.153090 0.108552
0 0.404785 0.958059 0.182962 0.083882
0 0.161459 0.956414 0.159313 0.087171
0 0.019742 0.959704 0.039484 0.080592