0 0.042453 0.337957 0.066038 0.217888
0 0.123821 0.338873 0.061321 0.197747
0 0.197043 0.339638 0.054024 0.228618
0 0.268545 0.325658 0.064617 0.220395
0 0.436972 0.323191 0.058261 0.205592
0 0.508474 0.332237 0.061439 0.223684
0 0.584213 0.324013 0.062498 0.207237
0 0.667368 0.328125 0.063557 0.222039
0 0.738340 0.317434 0.059320 0.180921
0 0.815138 0.333059 0.066735 0.218750
0 0.892467 0.328947 0.068854 0.217105
0 0.970332 0.333882 0.059336 0.223684
0 0.072577 0.707237 0.138767 0.105263
0 0.228292 0.796875 0.136648 0.100329
0 0.529660 0.660362 0.144063 0.090461
0 0.702324 0.807566 0.069913 0.233553
0 0.782300 0.815789 0.062498 0.220395
0 0.865984 0.817434 0.068854 0.210526
0 0.944372 0.814145 0.064617 0.220395
0 0.230411 0.923520 0.149360 0.097039