0 0.124080 0.177632 0.168361 0.098684
0 0.302080 0.194079 0.149083 0.095395
0 0.323928 0.021382 0.115668 0.042763
0 0.489076 0.022204 0.165790 0.044408
0 0.700490 0.018092 0.164505 0.036184
0 0.155568 0.020559 0.174787 0.041118
0 0.520563 0.197368 0.071971 0.203947
0 0.127293 0.292763 0.159364 0.092105
0 0.305293 0.294408 0.163220 0.092105
0 0.284730 0.402138 0.158079 0.090461
0 0.108658 0.398849 0.140086 0.093750
0 0.118940 0.506579 0.145227 0.098684
0 0.297582 0.506579 0.158079 0.095395
0 0.297582 0.606908 0.150368 0.095395
0 0.127293 0.610197 0.159364 0.095395
0 0.110586 0.715461 0.143942 0.095395
0 0.272521 0.714638 0.154223 0.093750
0 0.279589 0.821546 0.173501 0.097039
0 0.110586 0.819079 0.154223 0.092105
0 0.104160 0.922697 0.136231 0.095395
0 0.270593 0.938322 0.168361 0.100329
0 0.101590 0.993421 0.128519 0.013158
0 0.738404 0.194079 0.150368 0.088816
0 0.729407 0.296053 0.134945 0.078947
0 0.908049 0.319901 0.160649 0.103618
0 0.742259 0.404605 0.170931 0.088816
0 0.728765 0.516447 0.167075 0.085526
0 0.908049 0.516447 0.160649 0.095395
0 0.736476 0.614309 0.164505 0.097039
0 0.912548 0.625000 0.156794 0.095395
0 0.726837 0.728618 0.170931 0.095395
0 0.912548 0.727796 0.161935 0.083882
0 0.915761 0.826480 0.163220 0.093750
0 0.738404 0.834704 0.168361 0.100329
0 0.732620 0.936678 0.164505 0.103618
0 0.917688 0.930921 0.133660 0.095395