0 0.057446 0.505757 0.114892 0.146382
0 0.120781 0.254112 0.087150 0.261513
0 0.225596 0.231908 0.075373 0.190789
0 0.328645 0.240954 0.078906 0.277961
0 0.536509 0.239309 0.087150 0.254934
0 0.627192 0.208059 0.084794 0.241776
0 0.945170 0.254112 0.089505 0.264803
0 0.524732 0.634868 0.195498 0.125000
0 0.050119 0.819079 0.080084 0.263158
0 0.153756 0.814145 0.082439 0.240132
0 0.256805 0.818257 0.081261 0.228618
0 0.365742 0.805099 0.089505 0.261513
0 0.884519 0.778783 0.184899 0.123355
0 0.885697 0.918586 0.168411 0.116776