0 0.042928 0.398026 0.068561 0.217105
0 0.120059 0.408717 0.065133 0.166118
0 0.200618 0.396382 0.068561 0.220395
0 0.281177 0.410362 0.071989 0.195724
0 0.364593 0.398026 0.069703 0.197368
0 0.451436 0.397204 0.071989 0.222039
0 0.623409 0.521382 0.155404 0.108553
0 0.805667 0.390625 0.074274 0.212171
0 0.891368 0.398849 0.071989 0.222039
0 0.963356 0.388158 0.060562 0.197368
0 0.958539 0.880757 0.082922 0.238486
0 0.874799 0.886513 0.073131 0.223684
0 0.787955 0.876645 0.073131 0.233553
0 0.710824 0.878289 0.065133 0.210526
0 0.404015 0.894737 0.068561 0.203947
0 0.325741 0.889803 0.074274 0.220394
0 0.237184 0.898849 0.066275 0.202302
0 0.153768 0.894737 0.066275 0.210526
0 0.074352 0.891447 0.071989 0.217105