0 0.323574 0.938322 0.188347 0.106908
0 0.790268 0.938322 0.182386 0.113487
0 0.792056 0.802632 0.197883 0.111842
0 0.797421 0.669408 0.163313 0.108553
0 0.798613 0.541941 0.180002 0.110197
0 0.800997 0.398849 0.168081 0.110197
0 0.771791 0.174342 0.195499 0.128289
0 0.784308 0.051809 0.189539 0.103618
0 0.320594 0.029605 0.189539 0.059210
0 0.318210 0.128289 0.182386 0.118421
0 0.319402 0.253289 0.182386 0.115132
0 0.317018 0.391447 0.189539 0.118421
0 0.315826 0.523849 0.177618 0.120066
0 0.315230 0.665296 0.183578 0.113487
0 0.313442 0.798520 0.184770 0.113487