0 0.045713 0.154605 0.080039 0.309210
0 0.137186 0.166941 0.073003 0.297697
0 0.225141 0.158717 0.080039 0.314145
0 0.310017 0.146382 0.068605 0.279605
0 0.391815 0.164474 0.075641 0.309211
0 0.473614 0.136513 0.072123 0.273026
0 0.565526 0.181743 0.069484 0.314145
0 0.649963 0.175164 0.064207 0.258224
0 0.730882 0.182566 0.076521 0.312500
0 0.069021 0.827303 0.068605 0.305921
0 0.154337 0.842928 0.070364 0.314144
0 0.248449 0.818257 0.068605 0.314145
0 0.333325 0.845395 0.069484 0.309210
0 0.417322 0.856908 0.073882 0.286184
0 0.603347 0.859375 0.073003 0.281250
0 0.772221 0.810033 0.065966 0.317434
0 0.866332 0.785362 0.071244 0.294408
0 0.949450 0.815789 0.072123 0.282895