0 0.094440 0.794055 0.050553 0.137453
0 0.100541 0.941377 0.045324 0.117246
0 0.694543 0.551457 0.086289 0.068139
0 0.738559 0.636043 0.104593 0.075188
0 0.782140 0.838111 0.045324 0.138628
0 0.789113 0.960761 0.045324 0.078477
0 0.945131 0.779958 0.094134 0.057566
0 0.946439 0.710056 0.095006 0.056391
0 0.961692 0.533247 0.043581 0.130404
0 0.963435 0.304746 0.045324 0.115132
0 0.854048 0.434563 0.049682 0.128055
0 0.800444 0.420465 0.047067 0.118656
0 0.745532 0.422227 0.047067 0.103383
0 0.688878 0.426339 0.048810 0.137453
0 0.633095 0.425752 0.047067 0.126880
0 0.023686 0.454535 0.047372 0.142152
0 0.080930 0.447486 0.044452 0.128055
0 0.130176 0.429864 0.047067 0.125705
0 0.185959 0.429276 0.045324 0.133929
0 0.243485 0.429276 0.041837 0.119831
0 0.297089 0.425752 0.051425 0.136278
0 0.353744 0.430451 0.042709 0.136278
0 0.420422 0.415766 0.048810 0.121006
0 0.475769 0.422227 0.047939 0.122180
0 0.529809 0.425752 0.040966 0.115132
0 0.581670 0.432213 0.047067 0.135103
0 0.851869 0.277608 0.043581 0.138863
0 0.799572 0.274084 0.045324 0.143562
0 0.744225 0.269972 0.044452 0.140038
0 0.691493 0.280545 0.045324 0.130639
0 0.625250 0.265155 0.041837 0.121476
0 0.577747 0.277491 0.042709 0.122650
0 0.520657 0.278195 0.045324 0.130639
0 0.461387 0.274201 0.040094 0.105733
0 0.407783 0.273496 0.049682 0.140038
0 0.347642 0.272909 0.044452 0.141212
0 0.290552 0.273379 0.045324 0.142622
0 0.234769 0.285949 0.043581 0.133929
0 0.931185 0.033482 0.043581 0.066964
0 0.979974 0.035832 0.040052 0.071664
0 0.881068 0.025846 0.037479 0.051692
0 0.179857 0.287829 0.047067 0.129229
0 0.129304 0.281955 0.045324 0.138628
0 0.071778 0.284305 0.041837 0.101034
0 0.021071 0.288416 0.042142 0.106908
0 0.008869 0.034657 0.017738 0.069314