0 0.852188 0.336349 0.112400 0.074013
0 0.965837 0.150493 0.054951 0.159539
0 0.036661 0.453125 0.047458 0.139803
0 0.099730 0.463816 0.051205 0.144737
0 0.033538 0.623355 0.046209 0.128289
0 0.172790 0.629112 0.054951 0.159539
0 0.241479 0.625822 0.052454 0.149671
0 0.365744 0.620888 0.051205 0.106908
0 0.430062 0.625000 0.054951 0.148026
0 0.501249 0.621711 0.057449 0.144737
0 0.566816 0.621711 0.051205 0.151316
0 0.638627 0.620066 0.052454 0.141447
0 0.695452 0.620066 0.056200 0.141447
0 0.757896 0.620888 0.048707 0.156250
0 0.819092 0.625000 0.056200 0.151316
0 0.942108 0.620066 0.057449 0.148026
0 0.940235 0.463816 0.048707 0.118421
0 0.877166 0.459704 0.054951 0.146382
0 0.810974 0.461349 0.052454 0.149671
0 0.746032 0.451480 0.052454 0.143092
0 0.684836 0.453947 0.052454 0.164474
0 0.615523 0.452303 0.048707 0.151316
0 0.551829 0.457237 0.053702 0.157895
0 0.488760 0.449013 0.054951 0.164474
0 0.430062 0.458059 0.049956 0.120066
0 0.364495 0.450658 0.058698 0.157895
0 0.299553 0.454770 0.051205 0.143092
0 0.237732 0.450658 0.064942 0.157895
0 0.169668 0.447368 0.051205 0.154605