0 0.973171 0.041118 0.053657 0.082236
0 0.971337 0.596217 0.057326 0.175987
0 0.976840 0.782072 0.046320 0.166118
0 0.915160 0.777138 0.052583 0.149671
0 0.895594 0.590461 0.059920 0.164474
0 0.833840 0.585526 0.053806 0.151316
0 0.848514 0.787007 0.066034 0.172697
0 0.784314 0.789474 0.062366 0.177632
0 0.767806 0.570724 0.066034 0.174342
0 0.702994 0.584704 0.061143 0.172697
0 0.711554 0.792763 0.061143 0.167763
0 0.645520 0.791941 0.058697 0.185855
0 0.636960 0.595395 0.061143 0.184211
0 0.572149 0.591283 0.056251 0.139803
0 0.580709 0.800987 0.063589 0.164474
0 0.500611 0.591283 0.057474 0.149671
0 0.507949 0.774671 0.067257 0.187500
0 0.442526 0.772204 0.061143 0.182566
0 0.371600 0.781250 0.058697 0.161184
0 0.303120 0.784539 0.056251 0.180921
0 0.237697 0.796875 0.062366 0.185855
0 0.167383 0.799342 0.066034 0.180921
0 0.099514 0.795230 0.059920 0.179276
0 0.035926 0.806743 0.064811 0.185855
0 0.027440 0.588816 0.054880 0.184211
0 0.098903 0.603618 0.061143 0.154605
0 0.163103 0.608553 0.062366 0.174342
0 0.234640 0.603618 0.063589 0.187500
0 0.297617 0.592105 0.062366 0.177632
0 0.366097 0.585526 0.062366 0.171053
0 0.436411 0.592105 0.058697 0.157895
0 0.817331 0.214638 0.094160 0.136513
0 0.747017 0.216283 0.092937 0.152961
0 0.673034 0.232730 0.101497 0.166118
0 0.591103 0.231086 0.079486 0.166118
0 0.512840 0.231086 0.094160 0.169408
0 0.441914 0.236020 0.086823 0.139803
0 0.371600 0.230263 0.095383 0.164474
0 0.304954 0.251645 0.096606 0.154605
0 0.243200 0.283717 0.110057 0.162829
0 0.168606 0.287829 0.080709 0.164474
0 0.089120 0.250822 0.107611 0.166118
0 0.032331 0.291941 0.064662 0.156250