0 0.498164 0.882401 0.170178 0.097039
0 0.720375 0.866776 0.173851 0.101974
0 0.920791 0.902961 0.158418 0.118421
0 0.046153 0.912007 0.092306 0.097039
0 0.076761 0.534539 0.153522 0.101974
0 0.335331 0.533717 0.184870 0.106908
0 0.556318 0.533717 0.183646 0.110197
0 0.810974 0.544408 0.159160 0.111842
0 0.975884 0.551809 0.048231 0.106908
0 0.881983 0.110197 0.178749 0.105263
0 0.676300 0.087993 0.183646 0.116776
0 0.449803 0.071546 0.178749 0.113487
0 0.240447 0.054276 0.190992 0.108552
0 0.041868 0.047697 0.083736 0.095394
0 0.267382 0.891447 0.171403 0.108553