0 0.363800 0.326480 0.227313 0.097039
0 0.052888 0.508224 0.090174 0.190789
0 0.179695 0.515625 0.099567 0.182566
0 0.307441 0.512336 0.110839 0.202303
0 0.434248 0.520559 0.101446 0.185855
0 0.559177 0.509868 0.092052 0.197368
0 0.676643 0.523849 0.097957 0.186795
0 0.815526 0.512688 0.107350 0.190320
0 0.949361 0.531485 0.101277 0.180921
0 0.066091 0.731790 0.097957 0.207942
0 0.225103 0.728853 0.107350 0.185620
0 0.440473 0.733553 0.097957 0.197368
0 0.565938 0.734140 0.101982 0.207942
0 0.702138 0.729441 0.092589 0.191494
0 0.829616 0.732965 0.089905 0.165648
0 0.947030 0.735902 0.088564 0.187970
0 0.254624 0.899789 0.222751 0.088111