0 0.134561 0.852385 0.049794 0.098684
0 0.134053 0.959601 0.044713 0.080798
0 0.873348 0.849815 0.045730 0.093544
0 0.872331 0.966797 0.047762 0.066406
0 0.948547 0.540913 0.049794 0.102796
0 0.947531 0.429893 0.045730 0.082237
0 0.887067 0.426809 0.046746 0.100740
0 0.831683 0.543997 0.051827 0.106908
0 0.827618 0.430407 0.045730 0.103824
0 0.776807 0.541838 0.049794 0.107936
0 0.718375 0.541324 0.050811 0.100740
0 0.667565 0.541838 0.044713 0.105880
0 0.710754 0.423109 0.045730 0.115132
0 0.768170 0.423109 0.042681 0.098684
0 0.969888 0.211760 0.049794 0.115132
0 0.032940 0.211246 0.045730 0.105880
0 0.053264 0.427632 0.049794 0.104852
0 0.054789 0.552529 0.046746 0.103824
0 0.107123 0.547389 0.039632 0.087377
0 0.113729 0.426604 0.042681 0.100740
0 0.170129 0.431229 0.053859 0.105880
0 0.236691 0.423520 0.050811 0.102796
0 0.296139 0.424548 0.053859 0.108964
0 0.355587 0.427118 0.040648 0.101768
0 0.411987 0.422492 0.055892 0.106908
0 0.475500 0.428660 0.046746 0.080181
0 0.530376 0.425576 0.050811 0.115132
0 0.587792 0.426604 0.047762 0.100740
0 0.644192 0.422492 0.042681 0.108964
0 0.238723 0.547081 0.050811 0.113076
0 0.300712 0.545539 0.048778 0.103824
0 0.414020 0.543483 0.045730 0.081209
0 0.472452 0.544511 0.052843 0.107936
0 0.537489 0.542455 0.052843 0.099712
0 0.599478 0.539371 0.050811 0.107936