0 0.088681 0.031250 0.084846 0.062500
0 0.104051 0.122533 0.113128 0.077303
0 0.104666 0.210526 0.104521 0.072368
0 0.099133 0.296053 0.098372 0.072368
0 0.132948 0.370888 0.089765 0.060855
0 0.134178 0.443257 0.111898 0.077303
0 0.254684 0.681743 0.050416 0.139803
0 0.254684 0.898849 0.052875 0.152961
0 0.312839 0.679496 0.047547 0.139254
0 0.375142 0.678399 0.044268 0.112939
0 0.439903 0.673465 0.049186 0.160088
0 0.505075 0.675658 0.053285 0.118421
0 0.569017 0.678947 0.053285 0.153509
0 0.628450 0.686075 0.049186 0.132675
0 0.689113 0.686623 0.054105 0.142544
0 0.754695 0.689364 0.047547 0.145833
0 0.316528 0.911952 0.048366 0.156798
0 0.380470 0.911952 0.053285 0.161184
0 0.440723 0.898794 0.047547 0.143640
0 0.496877 0.910307 0.050006 0.155702
0 0.573116 0.902083 0.048366 0.156798
0 0.635418 0.899890 0.050006 0.156798
0 0.691163 0.891118 0.053285 0.139254
0 0.758302 0.898794 0.052465 0.150219
0 0.822654 0.902083 0.054925 0.150219
0 0.882497 0.894956 0.045087 0.151316
0 0.938241 0.684978 0.054925 0.154605
0 0.875939 0.686623 0.053285 0.138158
0 0.815276 0.677851 0.054925 0.144737
0 0.759531 0.466228 0.109029 0.065789
0 0.848476 0.387281 0.050826 0.140351
0 0.908319 0.390022 0.049186 0.137061
0 0.969392 0.387829 0.058204 0.150219