0 0.033431 0.774671 0.053211 0.148026
0 0.092482 0.758224 0.044126 0.141447
0 0.152183 0.717928 0.051913 0.133224
0 0.214478 0.724507 0.044126 0.136513
0 0.152831 0.866776 0.048020 0.148026
0 0.213180 0.879934 0.044126 0.121711
0 0.270934 0.863487 0.048020 0.141447
0 0.274827 0.718750 0.050615 0.121711
0 0.395525 0.699836 0.050615 0.133224
0 0.455225 0.706414 0.045424 0.133224
0 0.439002 0.898026 0.044126 0.105263
0 0.506489 0.901316 0.051913 0.138158
0 0.565132 0.900576 0.042011 0.142928
0 0.624423 0.907648 0.049317 0.145559
0 0.684447 0.908470 0.048668 0.158717
0 0.744472 0.905181 0.049317 0.130757
0 0.800927 0.903536 0.044126 0.135691
0 0.859005 0.892845 0.049966 0.137336
0 0.510863 0.700822 0.049317 0.138158
0 0.566345 0.703289 0.043477 0.121711
0 0.621827 0.700822 0.044126 0.123355
0 0.680554 0.697533 0.051264 0.139803
0 0.737983 0.695066 0.050615 0.144737
0 0.794438 0.694655 0.048020 0.145559
0 0.849596 0.697533 0.051913 0.134868
0 0.905402 0.695066 0.045424 0.129934
0 0.965686 0.886678 0.047371 0.125000
0 0.959197 0.697533 0.047371 0.129934
0 0.975543 0.438734 0.048914 0.142270
0 0.918965 0.440378 0.047371 0.135691
0 0.865429 0.442434 0.045424 0.138158
0 0.803134 0.442023 0.050615 0.138980
0 0.743109 0.431332 0.049966 0.130757
0 0.692169 0.428865 0.037637 0.117599
0 0.637985 0.437500 0.047371 0.129934
0 0.576663 0.440378 0.048020 0.130757
0 0.403079 0.440789 0.044775 0.134868
0 0.462454 0.441612 0.048020 0.144737
0 0.521505 0.445312 0.041530 0.115954