0 0.248767 0.822368 0.136160 0.085526
0 0.267444 0.601151 0.139775 0.080592
0 0.091521 0.529605 0.151824 0.078947
0 0.728339 0.629112 0.061453 0.195724
0 0.801239 0.625000 0.072297 0.217105
0 0.877151 0.618421 0.055428 0.161184
0 0.954268 0.628289 0.065068 0.184211
0 0.974121 0.200658 0.051757 0.190789
0 0.904262 0.213816 0.056633 0.184211
0 0.829555 0.215461 0.071092 0.194079
0 0.752438 0.223684 0.071092 0.190789
0 0.678333 0.212993 0.067477 0.185855
0 0.524702 0.208882 0.056633 0.194079
0 0.452404 0.200658 0.063863 0.197368
0 0.290338 0.194079 0.062658 0.184211
0 0.218041 0.205592 0.065068 0.180921
0 0.139719 0.210526 0.057838 0.190789
0 0.061999 0.225329 0.068682 0.203947