0 0.340328 0.921875 0.111517 0.077303
0 0.204101 0.933388 0.102646 0.070724
0 0.063437 0.934211 0.112784 0.078947
0 0.769921 0.895559 0.114051 0.070724
0 0.902981 0.909539 0.103913 0.069079
0 0.991408 0.901316 0.017183 0.059211
0 0.823145 0.968750 0.058293 0.062500
0 0.245337 0.650802 0.000000 0.001028
0 0.248505 0.735609 0.044353 0.133635
0 0.029856 0.743421 0.048155 0.151316
0 0.027321 0.589638 0.048155 0.149671
0 0.079278 0.587993 0.040552 0.133224
0 0.085378 0.755702 0.049845 0.133772
0 0.192670 0.745833 0.048155 0.135965
0 0.133110 0.592325 0.042241 0.133772
0 0.191825 0.591228 0.046465 0.153509
0 0.243782 0.585746 0.043931 0.133772
0 0.299118 0.579167 0.048155 0.131579
0 0.311368 0.736513 0.050689 0.141447
0 0.365437 0.731579 0.043931 0.116228
0 0.358256 0.579167 0.048155 0.142544
0 0.412747 0.584649 0.045620 0.149123
0 0.421617 0.737061 0.048155 0.142544
0 0.476531 0.722807 0.056603 0.153509
0 0.467660 0.572588 0.049000 0.131579
0 0.524686 0.573136 0.041396 0.126096
0 0.532289 0.724452 0.051534 0.132675
0 0.587625 0.725548 0.043931 0.115132
0 0.585006 0.590132 0.048155 0.116228
0 0.638653 0.576425 0.045620 0.137061
0 0.643299 0.730482 0.044776 0.140351
0 0.702437 0.725000 0.049845 0.138158
0 0.756083 0.713487 0.043931 0.119518
0 0.808040 0.722807 0.049845 0.111842
0 0.747212 0.561623 0.044776 0.085526
0 0.694411 0.569846 0.050689 0.143640
0 0.802126 0.576425 0.048155 0.150219
0 0.859996 0.573684 0.050689 0.135965
0 0.867600 0.725000 0.050689 0.133772
0 0.972780 0.723904 0.049845 0.149123
0 0.969823 0.574232 0.050689 0.139254
0 0.914910 0.567105 0.043931 0.107456
0 0.777166 0.371837 0.114051 0.067055
0 0.905742 0.368041 0.102159 0.059464
0 0.903889 0.115132 0.049715 0.129049
0 0.855637 0.263790 0.048740 0.140435
0 0.914125 0.259995 0.046790 0.140435
0 0.964619 0.258097 0.044841 0.146761
0 0.956821 0.108173 0.050689 0.132844
0 0.793543 0.114499 0.043866 0.120192
0 0.799879 0.253669 0.050689 0.132844
0 0.743828 0.257465 0.051664 0.132844
0 0.740416 0.120192 0.046790 0.123988
0 0.689727 0.123988 0.044841 0.121457
0 0.688752 0.266321 0.046790 0.135374
0 0.633676 0.273279 0.045815 0.139170
0 0.634163 0.123988 0.046790 0.131579
0 0.580062 0.256832 0.043866 0.129049
0 0.521087 0.269484 0.046790 0.134109
0 0.574213 0.119560 0.045815 0.122723
0 0.023668 0.275177 0.047336 0.120192
0 0.022206 0.139803 0.044411 0.145496
0 0.079017 0.139803 0.045815 0.117662
0 0.079991 0.272647 0.045815 0.132844
0 0.137017 0.282768 0.046790 0.142966
0 0.195505 0.287196 0.046790 0.141700
0 0.251556 0.283401 0.049715 0.139170
0 0.303707 0.275810 0.044841 0.136640
0 0.357321 0.273279 0.048740 0.146761
0 0.412397 0.267586 0.047765 0.148026
0 0.137017 0.136007 0.044841 0.135374
0 0.191606 0.139803 0.044841 0.137905
0 0.244245 0.126518 0.042891 0.136640
0 0.300295 0.119560 0.049715 0.140435
0 0.354397 0.125253 0.042891 0.129049
0 0.408498 0.120825 0.043866 0.107540
0 0.462599 0.120825 0.048740 0.135374
0 0.513776 0.117662 0.049715 0.149291