0 0.037146 0.500834 0.050708 0.165101
0 0.095519 0.500834 0.058962 0.168436
0 0.156840 0.500000 0.049528 0.166768
0 0.217571 0.510006 0.055425 0.156762
0 0.281250 0.502502 0.045991 0.158430
0 0.354953 0.502502 0.049528 0.161765
0 0.419811 0.495831 0.054245 0.165101
0 0.488797 0.505837 0.055425 0.165101
0 0.550118 0.510006 0.050708 0.153427
0 0.613797 0.507505 0.048349 0.128412
0 0.682783 0.510840 0.056604 0.161765
0 0.750000 0.515843 0.056604 0.158430
0 0.809552 0.511674 0.053066 0.173439
0 0.875000 0.513341 0.054245 0.166768
0 0.936910 0.518345 0.053066 0.176774
0 0.047170 0.295709 0.094340 0.078381
0 0.965802 0.161460 0.051887 0.123409
0 0.027712 0.689282 0.055424 0.175107
0 0.090802 0.681777 0.051887 0.156762
0 0.154481 0.693451 0.056604 0.166768
0 0.214033 0.685113 0.060142 0.163433
0 0.290684 0.683445 0.053066 0.156762
0 0.428656 0.679276 0.055425 0.165101
0 0.487618 0.685113 0.060142 0.156762
0 0.554245 0.686780 0.051887 0.150091
0 0.617335 0.684279 0.055425 0.158430
0 0.688090 0.693451 0.064858 0.166768
0 0.752948 0.693451 0.050708 0.153427
0 0.812500 0.698454 0.054245 0.136750
0 0.873821 0.705125 0.051887 0.163433
0 0.938679 0.709294 0.056604 0.158430