0 0.071340 0.884868 0.099918 0.069079
0 0.180510 0.874178 0.098684 0.070724
0 0.337788 0.846217 0.117188 0.067434
0 0.596217 0.811678 0.103618 0.064145
0 0.031044 0.614309 0.062088 0.070724
0 0.165090 0.600329 0.109786 0.078947
0 0.291530 0.597862 0.101151 0.070724
0 0.430921 0.597039 0.111020 0.072368
0 0.566612 0.597039 0.103618 0.069079
0 0.688117 0.589638 0.085115 0.064145
0 0.826275 0.593750 0.109786 0.062500
0 0.945929 0.577303 0.102385 0.075658
0 0.019942 0.530428 0.039884 0.064145
0 0.078742 0.461349 0.107319 0.083882
0 0.145970 0.381579 0.106086 0.098684
0 0.100946 0.324836 0.067845 0.074013
0 0.031661 0.340461 0.063322 0.069079
0 0.353824 0.315789 0.104852 0.059211
0 0.477796 0.308388 0.111020 0.067434
0 0.603002 0.319079 0.097451 0.072368
0 0.704153 0.322368 0.085115 0.069079
0 0.848479 0.319079 0.104852 0.065789
0 0.960321 0.313322 0.079358 0.067434
0 0.964433 0.197368 0.045641 0.115132
0 0.913240 0.213816 0.051809 0.151316
0 0.827508 0.207237 0.048109 0.144737
0 0.770765 0.210526 0.040707 0.131579
0 0.534539 0.217928 0.101151 0.070724
0 0.547492 0.148026 0.099918 0.072368
0 0.382813 0.134046 0.113487 0.116776
0 0.276110 0.036184 0.072780 0.072368
0 0.066406 0.200658 0.104852 0.065789
0 0.056949 0.120888 0.113898 0.064145
0 0.055715 0.050987 0.111430 0.055921
0 0.062500 0.007401 0.125000 0.014802