0 0.614425 0.897204 0.122341 0.067434
0 0.613705 0.811678 0.141052 0.077303
0 0.718055 0.619243 0.067647 0.152961
0 0.820966 0.697368 0.066208 0.177632
0 0.923876 0.451480 0.059012 0.136513
0 0.919558 0.276316 0.070526 0.151316
0 0.928194 0.064145 0.073405 0.128289
0 0.508636 0.538651 0.063330 0.152961
0 0.432353 0.533717 0.060451 0.156250
0 0.361827 0.548520 0.063330 0.146382
0 0.272589 0.556743 0.060451 0.123355
0 0.194147 0.539474 0.061890 0.144737
0 0.117144 0.533717 0.069087 0.149671
0 0.036543 0.536184 0.063330 0.157895
0 0.015393 0.174342 0.030786 0.171053
0 0.078283 0.175164 0.066208 0.166118
0 0.149529 0.180099 0.061890 0.159539
0 0.224373 0.181743 0.067647 0.156250
0 0.299217 0.174342 0.061890 0.171053