0 0.042181 0.686041 0.048077 0.152702
0 0.045356 0.854141 0.050798 0.162967
0 0.104318 0.672567 0.047170 0.164251
0 0.106586 0.848367 0.048077 0.164251
0 0.163734 0.856708 0.048077 0.157835
0 0.161919 0.682833 0.048077 0.164251
0 0.219067 0.677700 0.051705 0.166817
0 0.224510 0.854783 0.048077 0.169384
0 0.283472 0.850933 0.051705 0.161684
0 0.279390 0.672567 0.050798 0.153985
0 0.337446 0.661660 0.050798 0.157835
0 0.341981 0.845801 0.048984 0.166817
0 0.401397 0.841951 0.053520 0.164251
0 0.396408 0.653961 0.045356 0.162967
0 0.453556 0.661660 0.048984 0.157835
0 0.459906 0.829760 0.047170 0.162967
0 0.517961 0.840026 0.050798 0.150135
0 0.518868 0.648828 0.054427 0.170667
0 0.575109 0.649470 0.054427 0.169384
0 0.636339 0.643054 0.049891 0.177083
0 0.576016 0.825269 0.048984 0.159118
0 0.636339 0.828477 0.049891 0.147569
0 0.701197 0.831044 0.056241 0.152702
0 0.762427 0.845159 0.048077 0.160401
0 0.751996 0.675134 0.047170 0.159118
0 0.093455 0.147674 0.052083 0.154306
0 0.100334 0.306150 0.048153 0.157086
0 0.158314 0.308931 0.046187 0.151526
0 0.148978 0.147674 0.051101 0.154306
0 0.213345 0.140028 0.054049 0.155696
0 0.213836 0.308236 0.045204 0.152916
0 0.272307 0.308931 0.054049 0.154306
0 0.332744 0.309626 0.049135 0.164037
0 0.270833 0.136553 0.049135 0.157086
0 0.324882 0.130297 0.055031 0.161257
0 0.388758 0.130992 0.056997 0.157086
0 0.393671 0.317967 0.051101 0.152916
0 0.448703 0.289469 0.051101 0.207131
0 0.447229 0.102494 0.050118 0.144575
0 0.508648 0.130297 0.053066 0.158476
0 0.511596 0.299200 0.045204 0.151526
0 0.569084 0.306150 0.052083 0.159866
0 0.628046 0.311711 0.050118 0.157086
0 0.682586 0.302675 0.049135 0.122333
0 0.565645 0.131687 0.055031 0.158476
0 0.622150 0.137943 0.046187 0.154306
0 0.679147 0.121261 0.057980 0.170988
0 0.717964 0.054028 0.082547 0.108055
0 0.794615 0.119176 0.051101 0.161257
0 0.739092 0.292944 0.046187 0.155696
0 0.792649 0.294334 0.049135 0.161257
0 0.816996 0.836306 0.046433 0.141795
0 0.811468 0.655413 0.050118 0.157434
0 0.877432 0.654892 0.055277 0.158476
0 0.930498 0.651243 0.050855 0.161604
0 0.871536 0.832657 0.050855 0.153263
0 0.930130 0.839434 0.048644 0.164732
0 0.980174 0.835263 0.039652 0.170988
0 0.980911 0.652807 0.038178 0.112602
0 0.856058 0.303117 0.049381 0.143880
0 0.912073 0.303117 0.049381 0.158476
0 0.966244 0.297904 0.050118 0.158476
0 0.854216 0.129522 0.044222 0.136582
0 0.907282 0.119618 0.050118 0.127198
0 0.966613 0.122224 0.050855 0.142837
0 0.041274 0.312331 0.047170 0.161813
0 0.034198 0.146348 0.054245 0.156808