0 0.576670 0.960526 0.067691 0.078947
0 0.575289 0.795230 0.070454 0.166118
0 0.574598 0.574836 0.071835 0.175987
0 0.375670 0.958059 0.149196 0.083882
0 0.215422 0.949836 0.149196 0.080592
0 0.214732 0.864309 0.139526 0.077303
0 0.368763 0.860197 0.140907 0.082237
0 0.373598 0.777961 0.142289 0.069079
0 0.222330 0.779605 0.143670 0.075658
0 0.216804 0.685855 0.146433 0.072368
0 0.374979 0.680921 0.147815 0.078947
0 0.374289 0.587171 0.143670 0.069079
0 0.214041 0.598684 0.154722 0.072368
0 0.222330 0.511513 0.140907 0.078947
0 0.387412 0.504112 0.128474 0.070724
0 0.229237 0.421053 0.143670 0.072368
0 0.377742 0.333882 0.142289 0.072368
0 0.569763 0.320724 0.073217 0.180921
0 0.221639 0.338816 0.131237 0.075658
0 0.226474 0.250000 0.138144 0.082237
0 0.370835 0.250822 0.117423 0.074013
0 0.574598 0.122533 0.071835 0.172697
0 0.388103 0.172697 0.146433 0.078947
0 0.236144 0.168586 0.135382 0.077303
0 0.227165 0.083059 0.136763 0.067434
0 0.377742 0.087993 0.136763 0.070724
0 0.388103 0.018914 0.129856 0.037828
0 0.228546 0.018092 0.142289 0.036184
0 0.023443 0.071546 0.046886 0.074013
0 0.764547 0.968750 0.145052 0.062500
0 0.924103 0.963816 0.132619 0.072368
0 0.917196 0.875822 0.140907 0.064145
0 0.768691 0.871711 0.136763 0.075658
0 0.762474 0.786184 0.138144 0.078947
0 0.913743 0.790296 0.150577 0.074013
0 0.913743 0.700658 0.139526 0.069079
0 0.754877 0.615954 0.142289 0.080592
0 0.921341 0.615954 0.129856 0.070724
0 0.922722 0.529605 0.146433 0.078947
0 0.769382 0.532072 0.154722 0.077303
0 0.778361 0.441612 0.139526 0.083882
0 0.931660 0.441612 0.136680 0.074013
0 0.928248 0.355263 0.138144 0.072368
0 0.781124 0.353618 0.142289 0.078947
0 0.770763 0.269737 0.110516 0.065789
0 0.922722 0.271382 0.149196 0.075658
0 0.924753 0.185855 0.150494 0.069079
0 0.768000 0.185855 0.138144 0.078947
0 0.763165 0.097039 0.145052 0.075658
0 0.923413 0.100329 0.136763 0.075658
0 0.774907 0.023026 0.140907 0.046052
0 0.923413 0.026316 0.150577 0.052632