0 0.100357 0.259868 0.084135 0.210526
0 0.196981 0.232730 0.077562 0.205592
0 0.296892 0.243421 0.072304 0.217105
0 0.395488 0.253289 0.093338 0.210526
0 0.494742 0.250822 0.081506 0.215461
0 0.587422 0.254112 0.085450 0.222039
0 0.679445 0.236020 0.069675 0.166118
0 0.778041 0.255757 0.082821 0.218750
0 0.860862 0.243421 0.077562 0.207237
0 0.960338 0.248355 0.079323 0.220395
0 0.050402 0.734375 0.078877 0.218750
0 0.146369 0.714638 0.084135 0.215461
0 0.241678 0.726151 0.072304 0.218750
0 0.331729 0.726151 0.076248 0.212171
0 0.429011 0.726974 0.078877 0.207237
0 0.525635 0.723684 0.077562 0.207237
0 0.617658 0.718750 0.080191 0.174342
0 0.712968 0.734375 0.078877 0.218750
0 0.820766 0.569079 0.173529 0.095395