0 0.056897 0.837993 0.066781 0.261513
0 0.133154 0.824013 0.069489 0.279605
0 0.211216 0.828125 0.070391 0.271382
0 0.291985 0.835526 0.064074 0.282895
0 0.376816 0.837171 0.069489 0.273026
0 0.547830 0.871711 0.061367 0.256578
0 0.629501 0.861020 0.071293 0.264803
0 0.714332 0.872533 0.067684 0.248355
0 0.796455 0.865954 0.073098 0.268092
0 0.875419 0.879112 0.064976 0.241776
0 0.925526 0.657072 0.148947 0.126645
0 0.913773 0.272204 0.069489 0.287829
0 0.833004 0.271382 0.063171 0.246711
0 0.753137 0.268914 0.065879 0.264803
0 0.669660 0.272204 0.072196 0.277961
0 0.583477 0.275493 0.067684 0.254934
0 0.494585 0.243421 0.061367 0.250000
0 0.418780 0.245888 0.063171 0.268092