0 0.049375 0.863487 0.070813 0.273026
0 0.188183 0.851151 0.070008 0.281250
0 0.264226 0.849507 0.062766 0.294408
0 0.343890 0.853618 0.067594 0.292763
0 0.487930 0.847039 0.062766 0.286184
0 0.558742 0.841283 0.056328 0.248355
0 0.633578 0.858553 0.054719 0.240132
0 0.709621 0.844572 0.063570 0.300987
0 0.785262 0.864309 0.060352 0.254934
0 0.855672 0.865132 0.061156 0.269736
0 0.934532 0.856908 0.070813 0.253289
0 0.964707 0.204770 0.055523 0.238487
0 0.896711 0.226151 0.062766 0.277961
0 0.823485 0.222039 0.061156 0.276316
0 0.754281 0.226974 0.057938 0.292763
0 0.684274 0.236020 0.057938 0.284539
0 0.607426 0.222039 0.063570 0.273026
0 0.527762 0.226151 0.065180 0.304276
0 0.449305 0.241776 0.057938 0.240132
0 0.382918 0.226151 0.055523 0.291118
0 0.308484 0.231086 0.067594 0.294408
0 0.226406 0.236020 0.064375 0.291118
0 0.149156 0.205592 0.062766 0.259868
0 0.081964 0.227796 0.057133 0.264803