0 0.478284 0.220395 0.063633 0.210526
0 0.567673 0.206414 0.066663 0.212171
0 0.637872 0.625000 0.065653 0.217105
0 0.580804 0.903783 0.068683 0.192434
0 0.215671 0.934211 0.134337 0.092105
0 0.103050 0.773849 0.058583 0.212171
0 0.038912 0.777961 0.063633 0.213816
0 0.222236 0.592928 0.135347 0.100329
0 0.217186 0.480263 0.141407 0.111842
0 0.113151 0.387336 0.090905 0.192434
0 0.083354 0.578947 0.136357 0.095395
0 0.006591 0.587171 0.001010 0.000000
0 0.082344 0.175164 0.061613 0.212171
0 0.022739 0.166118 0.045477 0.226974
0 0.372734 0.030428 0.048482 0.060855