0 0.397731 0.798520 0.192594 0.097039
0 0.346224 0.666941 0.188115 0.100329
0 0.104362 0.667763 0.188115 0.101974
0 0.900864 0.956414 0.123917 0.087171
0 0.975439 0.697368 0.049122 0.217105
0 0.896312 0.031250 0.207376 0.062500
0 0.377576 0.032072 0.191101 0.064144
0 0.802327 0.221217 0.156762 0.202303
0 0.646312 0.254934 0.089578 0.203947
0 0.533592 0.256579 0.088086 0.213816
0 0.435802 0.266447 0.092564 0.197368
0 0.335026 0.259046 0.088086 0.185855
0 0.249927 0.300164 0.079128 0.189145
0 0.156616 0.310033 0.089578 0.189145
0 0.133475 0.023026 0.168706 0.046052