0 0.045914 0.322368 0.076128 0.253289
0 0.142950 0.307566 0.083633 0.299342
0 0.239450 0.313322 0.081489 0.248355
0 0.338630 0.325658 0.086850 0.250000
0 0.430842 0.312500 0.082561 0.263158
0 0.540744 0.299342 0.090067 0.250000
0 0.641533 0.275493 0.090067 0.271382
0 0.751436 0.258224 0.093283 0.259868
0 0.857050 0.223684 0.092211 0.259868
0 0.949797 0.238487 0.071839 0.240132
0 0.901547 0.921875 0.189783 0.123355
0 0.676381 0.763980 0.179061 0.120066
0 0.482844 0.770559 0.182278 0.133224
0 0.274833 0.752467 0.180133 0.116776
0 0.069867 0.753289 0.139733 0.125000
0 0.076300 0.060855 0.152600 0.121710