0 0.552952 0.798520 0.079700 0.241776
0 0.888130 0.949013 0.094985 0.101974
0 0.883217 0.716283 0.091710 0.268092
0 0.884308 0.388980 0.096077 0.241776
0 0.906690 0.117599 0.099352 0.235197
0 0.557319 0.226151 0.077517 0.248355
0 0.555135 0.524671 0.077517 0.194079
0 0.209039 0.827303 0.158309 0.111842
0 0.393005 0.837171 0.141932 0.111842
0 0.399556 0.485197 0.087343 0.256579
0 0.305662 0.453125 0.076425 0.274671
0 0.215590 0.458059 0.081884 0.281250
0 0.379358 0.194079 0.081884 0.246711
0 0.293107 0.171875 0.081884 0.251645
0 0.209039 0.192434 0.075333 0.230263
0 0.121151 0.169408 0.080792 0.250000
0 0.127155 0.432566 0.081884 0.259868
0 0.041996 0.469572 0.077517 0.238487
0 0.038175 0.176809 0.074241 0.245066