0 0.036519 0.125000 0.073037 0.164474
0 0.082797 0.096217 0.102471 0.156250
0 0.163919 0.024671 0.050016 0.049342
0 0.236503 0.037829 0.048796 0.075658
0 0.323725 0.053454 0.059775 0.106908
0 0.342634 0.338816 0.085393 0.118421
0 0.575023 0.234375 0.064654 0.169408
0 0.575633 0.050164 0.056115 0.100328
0 0.586002 0.453125 0.067094 0.166118
0 0.592712 0.672697 0.058555 0.141447
0 0.602471 0.869243 0.073194 0.162829
0 0.435346 0.972862 0.070754 0.054276
0 0.417047 0.816612 0.068314 0.172697
0 0.413388 0.560855 0.060995 0.190789
0 0.348123 0.539474 0.057335 0.177632
0 0.346293 0.720395 0.051236 0.131579
0 0.357882 0.899671 0.067094 0.167763
0 0.227354 0.935855 0.137848 0.082237
0 0.225524 0.700658 0.060995 0.167763
0 0.233453 0.509868 0.064654 0.184211
0 0.160260 0.513980 0.064654 0.166118
0 0.094996 0.500000 0.058555 0.151316
0 0.028511 0.507401 0.054895 0.166118
0 0.035221 0.703125 0.063434 0.179276
0 0.095605 0.692434 0.062215 0.174342
0 0.167579 0.702303 0.054895 0.180921
0 0.810463 0.144737 0.067094 0.174342
0 0.809853 0.436678 0.073194 0.182566
0 0.831201 0.648849 0.074413 0.175987
0 0.846450 0.870066 0.078073 0.151316
0 0.984219 0.368421 0.031561 0.157895
0 0.981780 0.134868 0.036440 0.157895