0 0.781076 0.967105 0.089842 0.065789
0 0.795194 0.481908 0.082141 0.194079
0 0.894020 0.092928 0.094975 0.185855
0 0.691234 0.113487 0.092409 0.226974
0 0.317108 0.934211 0.191234 0.098684
0 0.226625 0.759046 0.079574 0.199013
0 0.366521 0.515625 0.174550 0.093750
0 0.258711 0.399671 0.112944 0.187500
0 0.156035 0.460526 0.071873 0.217105
0 0.206089 0.223684 0.074440 0.230263
0 0.121382 0.205592 0.071873 0.220395
0 0.037957 0.201480 0.071873 0.208882
0 0.100205 0.031250 0.160432 0.062500
0 0.281171 0.021382 0.168132 0.042763