0 0.574777 0.696546 0.079356 0.199013
0 0.598431 0.883224 0.096142 0.134868
0 0.877702 0.777138 0.099194 0.192434
0 0.965176 0.789474 0.069648 0.203947
0 0.929313 0.518914 0.141374 0.087171
0 0.607588 0.300164 0.096142 0.192434
0 0.587749 0.098684 0.093090 0.194079
0 0.202417 0.967928 0.125138 0.064144
0 0.190971 0.874178 0.166342 0.129934
0 0.190208 0.752467 0.186180 0.129934
0 0.191734 0.601974 0.189233 0.131579
0 0.174184 0.485197 0.178550 0.148026
0 0.178762 0.357730 0.175498 0.156250
0 0.175710 0.227796 0.181602 0.162829
0 0.138322 0.117599 0.167868 0.149671
0 0.082620 0.050164 0.148029 0.100328