0 0.130005 0.178454 0.260010 0.100329
0 0.122291 0.055099 0.244582 0.110197
0 0.707420 0.018092 0.284559 0.036184
0 0.697991 0.106086 0.317129 0.126645
0 0.719419 0.238487 0.270845 0.115132
0 0.721133 0.377467 0.270845 0.116776
0 0.711705 0.510691 0.258846 0.100329
0 0.719419 0.637336 0.274274 0.103618
0 0.733133 0.773026 0.263989 0.105263
0 0.717705 0.900493 0.267417 0.113487
0 0.736561 0.988487 0.253703 0.023026
0 0.130587 0.938322 0.245132 0.106908
0 0.148587 0.814967 0.263989 0.100329
0 0.159729 0.685855 0.265703 0.108553
0 0.140873 0.548520 0.255418 0.106908
0 0.152015 0.416941 0.257132 0.106908