0 0.378028 0.831414 0.214128 0.106908
0 0.384127 0.956414 0.220905 0.087171
0 0.386160 0.689145 0.224970 0.115132
0 0.379383 0.537007 0.249365 0.123355
0 0.369897 0.402138 0.205997 0.123355
0 0.363798 0.245066 0.204642 0.118421
0 0.382094 0.115954 0.208707 0.123355
0 0.118499 0.101151 0.201931 0.126645
0 0.127308 0.258224 0.241233 0.128289
0 0.134762 0.410362 0.218194 0.116776
0 0.136795 0.544408 0.208707 0.121711
0 0.146282 0.701480 0.230391 0.113487
0 0.143571 0.833882 0.159919 0.111842
0 0.144249 0.965461 0.231746 0.069078