0 0.593495 0.880757 0.156742 0.097039
0 0.600370 0.754112 0.189740 0.103618
0 0.589370 0.634868 0.195240 0.108553
0 0.608619 0.503289 0.197990 0.105263
0 0.600370 0.383224 0.203490 0.111842
0 0.601057 0.244243 0.210364 0.126645
0 0.581808 0.115132 0.218614 0.118421
0 0.165892 0.052632 0.159492 0.098684
0 0.023824 0.050987 0.047648 0.101974
0 0.141143 0.309211 0.200740 0.111842
0 0.150081 0.433388 0.204864 0.106908
0 0.150768 0.558388 0.203490 0.106908
0 0.150081 0.689967 0.188365 0.113487
0 0.150768 0.819901 0.192490 0.100329