0 0.883597 0.819079 0.120778 0.092105
0 0.909113 0.952303 0.069745 0.095394
0 0.821507 0.704770 0.156501 0.083882
0 0.904010 0.500000 0.079951 0.134868
0 0.975395 0.453947 0.049210 0.101974
0 0.926975 0.342928 0.071446 0.123355
0 0.699879 0.875822 0.079951 0.123355
0 0.625881 0.881579 0.068044 0.138158
0 0.548238 0.881798 0.075982 0.122807
0 0.471122 0.885088 0.073714 0.127193
0 0.394573 0.885636 0.068044 0.139254
0 0.325962 0.883991 0.064642 0.138158
0 0.256784 0.886732 0.071446 0.128289
0 0.181369 0.873575 0.065776 0.132675
0 0.111057 0.882346 0.061239 0.101974
0 0.043580 0.881798 0.071446 0.129386
0 0.026043 0.531469 0.052086 0.141447
0 0.100850 0.523246 0.061239 0.146930
0 0.173431 0.532018 0.061239 0.138158
0 0.244309 0.534759 0.071446 0.141447
0 0.372458 0.525987 0.060105 0.134868
0 0.445606 0.530921 0.063508 0.127193
0 0.519887 0.523246 0.066910 0.114035
0 0.597003 0.516118 0.078250 0.119518
0 0.676954 0.513377 0.065776 0.100877
0 0.743864 0.523794 0.070312 0.139254
0 0.747266 0.298246 0.077116 0.127193
0 0.669016 0.295504 0.077116 0.126096
0 0.589064 0.296053 0.069178 0.131579
0 0.509113 0.299342 0.079384 0.135965
0 0.425192 0.291667 0.074848 0.140351
0 0.242041 0.304825 0.066910 0.122807
0 0.164925 0.293311 0.055569 0.128289
0 0.092912 0.294408 0.072580 0.141447
0 0.027744 0.300987 0.055488 0.126096
0 0.763710 0.037281 0.066910 0.074561
0 0.680356 0.032346 0.068044 0.064692
0 0.606075 0.031250 0.069178 0.062500
0 0.272661 0.027412 0.064642 0.054824
0 0.201782 0.027961 0.063508 0.055921
0 0.125233 0.027961 0.062373 0.055921
0 0.043013 0.031250 0.070312 0.062500