0 0.129726 0.347862 0.085510 0.179276
0 0.128919 0.130757 0.090350 0.182566
0 0.155540 0.908717 0.088737 0.182566
0 0.406423 0.865132 0.083897 0.177632
0 0.495160 0.868421 0.087123 0.174342
0 0.619391 0.474507 0.058082 0.189145
0 0.728295 0.467105 0.085510 0.177632
0 0.825099 0.471217 0.095190 0.172697
0 0.920290 0.472039 0.095190 0.190789
0 0.580670 0.874178 0.074216 0.185855
0 0.671827 0.870066 0.088737 0.167763
0 0.771050 0.873355 0.093577 0.174342
0 0.873501 0.868421 0.101644 0.177632
0 0.962968 0.870066 0.074064 0.184211