0 0.016509 0.202203 0.033018 0.110808
0 0.057480 0.206180 0.036008 0.099859
0 0.098289 0.195606 0.028006 0.099859
0 0.136697 0.210291 0.032807 0.096335
0 0.173104 0.205592 0.032007 0.096335
0 0.210312 0.210291 0.031207 0.082237
0 0.380748 0.204417 0.034407 0.101034
0 0.420356 0.206180 0.030406 0.078712
0 0.456764 0.205592 0.031207 0.112782
0 0.313934 0.294878 0.073615 0.056391
0 0.399552 0.302514 0.073615 0.048167
0 0.519177 0.278430 0.077616 0.051692
0 0.680410 0.183271 0.054411 0.096335
0 0.670008 0.368891 0.043209 0.103383
0 0.625999 0.381814 0.038408 0.105733
0 0.588391 0.451128 0.048010 0.108083
0 0.540381 0.455240 0.033607 0.097509
0 0.567987 0.587406 0.036008 0.098684
0 0.041077 0.444079 0.033607 0.103383
0 0.077884 0.442904 0.033607 0.103383
0 0.116693 0.442317 0.032807 0.106908
0 0.157901 0.445841 0.030406 0.097509
0 0.195509 0.443492 0.030406 0.106908
0 0.340739 0.444079 0.034407 0.096335
0 0.381948 0.445841 0.033607 0.097509
0 0.421556 0.445254 0.031207 0.098684
0 0.457964 0.446429 0.033607 0.098684
0 0.043477 0.616189 0.032007 0.090461
0 0.084286 0.622063 0.040008 0.104558
0 0.124694 0.623238 0.034407 0.111607
0 0.161902 0.621476 0.038408 0.101034
0 0.197509 0.623238 0.034407 0.106908
0 0.268324 0.623238 0.033607 0.104558
0 0.303532 0.622063 0.033607 0.104558
0 0.345140 0.624413 0.035207 0.102209
0 0.382748 0.626175 0.032007 0.105733
0 0.422356 0.628524 0.032807 0.103383
0 0.459564 0.622650 0.033607 0.103383
0 0.539181 0.628524 0.031207 0.091635
0 0.061881 0.732495 0.076816 0.062265
0 0.036942 0.821781 0.073884 0.050517
0 0.296730 0.811208 0.071215 0.055216
0 0.671209 0.700188 0.048810 0.079887
0 0.641602 0.828242 0.037608 0.105733
0 0.700415 0.815907 0.073615 0.074013
0 0.926862 0.893914 0.046410 0.111607
0 0.091087 0.906837 0.032807 0.111607
0 0.127095 0.907425 0.032807 0.096335
0 0.199910 0.909774 0.037608 0.105733
0 0.277126 0.908012 0.038408 0.104558
0 0.357543 0.899201 0.032807 0.115132
0 0.398752 0.895089 0.032007 0.088111
0 0.434359 0.906837 0.037608 0.111607
0 0.707216 0.880404 0.072815 0.068139
0 0.687212 0.951480 0.066414 0.074013
0 0.707216 0.979558 0.055212 0.040883
0 0.542782 0.926809 0.033607 0.106908
0 0.678010 0.055804 0.052811 0.090461
0 0.579589 0.070489 0.028806 0.098684