0 0.032175 0.136513 0.064350 0.154605
0 0.104662 0.143092 0.057992 0.154605
0 0.171141 0.134868 0.057992 0.144737
0 0.237620 0.148849 0.055163 0.139803
0 0.304099 0.148026 0.057992 0.144737
0 0.371993 0.152961 0.055163 0.121711
0 0.680342 0.142270 0.066479 0.146382
0 0.751771 0.139803 0.062236 0.115132
0 0.823908 0.141447 0.067893 0.171053
0 0.556578 0.274671 0.127300 0.072368
0 0.928220 0.239309 0.143559 0.080592
0 0.957924 0.325658 0.084152 0.065789
0 0.070716 0.483553 0.057992 0.144737
0 0.137194 0.481908 0.055163 0.151316
0 0.205088 0.478618 0.057992 0.148026
0 0.277225 0.481908 0.057992 0.141447
0 0.346533 0.487664 0.052335 0.146382
0 0.602547 0.481908 0.066479 0.141447
0 0.678927 0.482730 0.066479 0.143092
0 0.746114 0.483553 0.070722 0.144737
0 0.816836 0.481908 0.062236 0.141447
0 0.968532 0.494243 0.062936 0.129934
0 0.071423 0.730263 0.059407 0.131579
0 0.144267 0.737664 0.069308 0.152961
0 0.214282 0.736842 0.062236 0.151316
0 0.282175 0.732730 0.062236 0.143092
0 0.347947 0.735197 0.063650 0.148026
0 0.475247 0.736020 0.060821 0.149671
0 0.538897 0.736842 0.057992 0.144737
0 0.612448 0.737664 0.057992 0.156250
0 0.680342 0.743421 0.063650 0.151316
0 0.749650 0.736842 0.066479 0.144737
0 0.816836 0.739309 0.067893 0.152961
0 0.966767 0.737664 0.062236 0.143092