0 0.357273 0.128289 0.064082 0.197368
0 0.437375 0.125000 0.069907 0.187500
0 0.532769 0.148026 0.083015 0.184211
0 0.631076 0.148026 0.084471 0.203947
0 0.723557 0.145559 0.074276 0.185855
0 0.816767 0.144737 0.088840 0.177632
0 0.912161 0.139803 0.093210 0.197368
0 0.044875 0.524671 0.085928 0.207237
0 0.136628 0.525493 0.074276 0.208882
0 0.222556 0.532072 0.074276 0.199013
0 0.313581 0.536184 0.081558 0.187500
0 0.047060 0.749178 0.072820 0.189145
0 0.135900 0.747533 0.081558 0.202303
0 0.225469 0.751645 0.077189 0.190789
0 0.319406 0.763158 0.081558 0.177632
0 0.505097 0.569079 0.077189 0.184211
0 0.592481 0.560033 0.074276 0.192434
0 0.682778 0.569079 0.083015 0.171053
0 0.774531 0.562500 0.083015 0.187500
0 0.863372 0.574013 0.071364 0.171053
0 0.913117 0.418586 0.173766 0.093750
0 0.502913 0.893092 0.072820 0.207237
0 0.588840 0.901316 0.087384 0.190789
0 0.676224 0.893092 0.072820 0.197368
0 0.762880 0.897204 0.080102 0.199013
0 0.848808 0.892270 0.091753 0.185855