0 0.056444 0.800164 0.072353 0.139803
0 0.068241 0.607730 0.080218 0.192434
0 0.070600 0.078947 0.084936 0.157894
0 0.181489 0.106086 0.083363 0.162829
0 0.342711 0.318257 0.176164 0.172697
0 0.266425 0.413651 0.139988 0.162829
0 0.312826 0.606086 0.097519 0.182566
0 0.216879 0.593750 0.088082 0.174342
0 0.230249 0.812500 0.086509 0.174342
0 0.334060 0.868421 0.092801 0.190789
0 0.238900 0.984375 0.069207 0.031250
0 0.549546 0.931743 0.089655 0.136513
0 0.533031 0.529605 0.091228 0.180921
0 0.547187 0.753289 0.084936 0.171053
0 0.529885 0.321546 0.094374 0.175987
0 0.527526 0.129112 0.080218 0.103618
0 0.525166 0.032072 0.081791 0.064144
0 0.844464 0.368421 0.097519 0.151316
0 0.866484 0.621711 0.094374 0.187500
0 0.884573 0.829770 0.102238 0.179276
0 0.841318 0.142270 0.097519 0.172697