0 0.076123 0.898849 0.065954 0.149671
0 0.196771 0.893092 0.107779 0.134868
0 0.313398 0.904605 0.077215 0.154605
0 0.458980 0.907895 0.072389 0.138158
0 0.548259 0.891447 0.070780 0.141447
0 0.694646 0.898026 0.080432 0.144737
0 0.866770 0.890625 0.086867 0.169408
0 0.939159 0.896382 0.070780 0.161184
0 0.038464 0.395559 0.076928 0.129934
0 0.119557 0.388980 0.069172 0.126645
0 0.195163 0.404605 0.072389 0.154605
0 0.278008 0.392270 0.067563 0.149671
0 0.356027 0.394737 0.072389 0.151316
0 0.434850 0.394737 0.075606 0.154605
0 0.517695 0.392270 0.080432 0.156250
0 0.597323 0.393092 0.072389 0.141447
0 0.667299 0.402961 0.077215 0.174342
0 0.751752 0.399671 0.065954 0.148026
0 0.910203 0.398026 0.096518 0.157895
0 0.984862 0.393092 0.030276 0.115132
0 0.068080 0.683388 0.075606 0.152961
0 0.146099 0.686678 0.067563 0.126645
0 0.232966 0.681743 0.073997 0.156250
0 0.310985 0.693257 0.069172 0.139803
0 0.384178 0.692434 0.073997 0.141447
0 0.463001 0.688322 0.067563 0.143092
0 0.537803 0.687500 0.069172 0.141447
0 0.625474 0.681743 0.083649 0.129934
0 0.699471 0.679276 0.064346 0.151316
0 0.782316 0.685033 0.072389 0.143092
0 0.862748 0.686678 0.072389 0.152961
0 0.943180 0.679276 0.069172 0.144737