0 0.635177 0.470395 0.153731 0.065789
0 0.796860 0.467928 0.144896 0.064145
0 0.944406 0.417763 0.086584 0.144737
0 0.500884 0.439145 0.061846 0.121711
0 0.419600 0.444079 0.068914 0.138158
0 0.344502 0.438322 0.070681 0.116776
0 0.270287 0.436678 0.063613 0.129934
0 0.189888 0.439145 0.072448 0.138158
0 0.119207 0.441612 0.065380 0.123355
0 0.042341 0.453125 0.067147 0.129934
0 0.088284 0.703947 0.074215 0.131579
0 0.249966 0.694901 0.068914 0.152961
0 0.326832 0.690789 0.063613 0.138158
0 0.407231 0.695724 0.065380 0.128289
0 0.475262 0.697368 0.063613 0.111842
0 0.553894 0.690789 0.065380 0.125000
0 0.634294 0.692434 0.074215 0.125000
0 0.708509 0.694901 0.063613 0.126645
0 0.785374 0.688322 0.079516 0.120066
0 0.872842 0.690789 0.088351 0.128289
0 0.954125 0.687500 0.067147 0.131579
0 0.030889 0.893914 0.061778 0.139803
0 0.254384 0.887336 0.067147 0.136513
0 0.324181 0.893914 0.068914 0.136513
0 0.412532 0.886513 0.075982 0.141447
0 0.498233 0.900493 0.063613 0.120066
0 0.567147 0.889803 0.077749 0.134868
0 0.644896 0.891447 0.067147 0.131579
0 0.719111 0.886513 0.070681 0.134868
0 0.797743 0.882401 0.072448 0.136513
0 0.875492 0.872533 0.065380 0.113487
0 0.954125 0.883224 0.081283 0.138158