0 0.081399 0.075658 0.137271 0.078947
0 0.103272 0.198191 0.138779 0.077303
0 0.119111 0.288651 0.143305 0.064145
0 0.147018 0.382401 0.138779 0.070724
0 0.165120 0.462171 0.150847 0.069079
0 0.160594 0.545230 0.141796 0.067434
0 0.167382 0.635691 0.149339 0.077303
0 0.185484 0.726151 0.119169 0.070724
0 0.196043 0.844572 0.152356 0.067434
0 0.186992 0.962171 0.119169 0.075658
0 0.440415 0.945724 0.076932 0.108552
0 0.425331 0.763158 0.079949 0.157895
0 0.407229 0.584704 0.067881 0.162829
0 0.404212 0.398026 0.082966 0.164474
0 0.386110 0.185033 0.085983 0.172697
0 0.374043 0.038651 0.070898 0.077302
0 0.665178 0.067434 0.089000 0.134868
0 0.693084 0.275493 0.084474 0.139803
0 0.918601 0.273849 0.089000 0.159539
0 0.931423 0.480263 0.087491 0.190789
0 0.717220 0.452303 0.081457 0.141447
0 0.613135 0.472862 0.084474 0.156250
0 0.730796 0.638158 0.081457 0.164474
0 0.955906 0.671053 0.088188 0.164474
0 0.963449 0.912829 0.073102 0.174342
0 0.757948 0.872533 0.081457 0.159539
0 0.661406 0.953125 0.075424 0.093750