0 0.685897 0.176809 0.068075 0.162829
0 0.759863 0.170230 0.077239 0.162829
0 0.831211 0.174342 0.073311 0.157895
0 0.825320 0.554276 0.064148 0.148026
0 0.744808 0.542763 0.065457 0.174342
0 0.675424 0.546053 0.065457 0.138158
0 0.596876 0.548520 0.073311 0.156250
0 0.348141 0.554276 0.065457 0.144737
0 0.373669 0.184211 0.061529 0.128289
0 0.310830 0.181743 0.061529 0.149671
0 0.239483 0.186678 0.065457 0.146382
0 0.169444 0.165296 0.058911 0.166118
0 0.105296 0.174342 0.058911 0.157895
0 0.028757 0.178454 0.057513 0.152961
0 0.067332 0.542763 0.058911 0.157895
0 0.139334 0.546053 0.064148 0.157895
0 0.207409 0.547697 0.058911 0.151316
0 0.278102 0.541941 0.058911 0.152961
0 0.067332 0.809211 0.061529 0.144737
0 0.137370 0.817434 0.068075 0.148026
0 0.210027 0.828947 0.066766 0.174342
0 0.281375 0.832237 0.070693 0.171053
0 0.347486 0.819901 0.058911 0.169408
0 0.473163 0.821546 0.056293 0.159539
0 0.539929 0.837993 0.066766 0.172697
0 0.609967 0.825658 0.062838 0.157895
0 0.670842 0.825658 0.056293 0.157895
0 0.744808 0.833882 0.060220 0.115132
0 0.812228 0.828947 0.061529 0.141447