0 0.547844 0.750000 0.106174 0.059211
0 0.665160 0.740132 0.104863 0.065789
0 0.959727 0.708059 0.080546 0.064145
0 0.806726 0.722862 0.110107 0.054276
0 0.231943 0.901316 0.106174 0.055921
0 0.045516 0.903783 0.091032 0.067434
0 0.312557 0.726974 0.049810 0.131579
0 0.255537 0.713816 0.051121 0.115132
0 0.195241 0.713816 0.051121 0.131579
0 0.142809 0.717105 0.053743 0.138158
0 0.086445 0.722862 0.051121 0.129934
0 0.030081 0.726151 0.051121 0.136513
0 0.023233 0.576480 0.046465 0.133224
0 0.080546 0.569079 0.047189 0.138158
0 0.136255 0.574013 0.048499 0.128289
0 0.195241 0.567434 0.061607 0.154605
0 0.252915 0.578947 0.045878 0.115132
0 0.309935 0.568257 0.052432 0.126645
0 0.379407 0.279605 0.060296 0.134868
0 0.384650 0.137336 0.062918 0.133224
0 0.292895 0.246711 0.057675 0.148026
0 0.187376 0.256579 0.056364 0.131579
0 0.130188 0.254112 0.050147 0.143092
0 0.077925 0.262336 0.057675 0.136513
0 0.021425 0.257971 0.042349 0.122723
0 0.238714 0.109438 0.049407 0.132844
0 0.185778 0.114499 0.052432 0.125253
0 0.124272 0.106275 0.056465 0.136640
0 0.064782 0.108806 0.052432 0.141700
0 0.018275 0.117662 0.036549 0.141700