0 0.635789 0.942434 0.152678 0.085526
0 0.751987 0.724507 0.082419 0.179276
0 0.527023 0.637336 0.075664 0.172697
0 0.448657 0.631579 0.081068 0.177632
0 0.372318 0.647204 0.074312 0.172697
0 0.281116 0.660362 0.072961 0.143092
0 0.195994 0.634868 0.078366 0.171053
0 0.114251 0.627467 0.077015 0.169408
0 0.032467 0.625000 0.064934 0.177632
0 0.006120 0.203947 0.012240 0.190789
0 0.065610 0.199836 0.068908 0.192434
0 0.140598 0.209704 0.070259 0.179276
0 0.223017 0.210526 0.078366 0.177632
0 0.304761 0.212171 0.077015 0.194079
0 0.969560 0.316612 0.060880 0.189145
0 0.972937 0.525493 0.054125 0.149671
0 0.976991 0.067434 0.046018 0.134868