0 0.574268 0.615954 0.076350 0.166118
0 0.776942 0.657072 0.087455 0.175987
0 0.784577 0.883224 0.088844 0.190789
0 0.484730 0.864309 0.077738 0.185855
0 0.484730 0.657895 0.069409 0.174342
0 0.475707 0.393914 0.142983 0.159539
0 0.754037 0.395559 0.091620 0.175987
0 0.751261 0.187500 0.091620 0.171053
0 0.621466 0.034539 0.073574 0.069078
0 0.763754 0.024671 0.080514 0.049342
0 0.989461 0.105263 0.021078 0.177632
0 0.436144 0.087171 0.072185 0.174342
0 0.236246 0.069079 0.133265 0.138158
0 0.102980 0.210526 0.149923 0.148026
0 0.011233 0.216283 0.022466 0.116776
0 0.023727 0.599507 0.047453 0.179276
0 0.091181 0.585526 0.070797 0.164474
0 0.166837 0.595395 0.066633 0.174342
0 0.243187 0.590461 0.077738 0.194079
0 0.322313 0.574836 0.077738 0.182566
0 0.345912 0.786184 0.072185 0.154605
0 0.257068 0.783717 0.072185 0.169408
0 0.179330 0.791118 0.066633 0.167763
0 0.097428 0.795230 0.066633 0.169408
0 0.026503 0.828947 0.053006 0.138158