0 0.848951 0.934510 0.112889 0.130980
0 0.570256 0.952751 0.179916 0.062799
0 0.367409 0.964414 0.204611 0.071172
0 0.343597 0.869767 0.213430 0.073266
0 0.557027 0.869019 0.149930 0.065789
0 0.327722 0.781549 0.213430 0.076256
0 0.549090 0.691836 0.183444 0.070275
0 0.329486 0.689593 0.195791 0.071770
0 0.344479 0.605861 0.197555 0.077751
0 0.548208 0.604366 0.178153 0.074761
0 0.547326 0.516896 0.201083 0.076256
0 0.350653 0.520634 0.160514 0.071770
0 0.346243 0.434659 0.201083 0.073266
0 0.554381 0.433911 0.179916 0.068780
0 0.568493 0.349432 0.190500 0.070275
0 0.576430 0.257476 0.206375 0.074761
0 0.938586 0.195425 0.122827 0.079246
0 0.364764 0.241776 0.206375 0.085227
0 0.351534 0.342703 0.197555 0.071770
0 0.183965 0.367374 0.141111 0.228768