0 0.856477 0.623355 0.118826 0.184211
0 0.729730 0.757401 0.114865 0.159539
0 0.860438 0.107730 0.118826 0.169408
0 0.560403 0.032072 0.152493 0.064144
0 0.573276 0.109375 0.182200 0.077303
0 0.339585 0.034539 0.229730 0.069078
0 0.342556 0.207237 0.219828 0.065789
0 0.556442 0.201480 0.188141 0.074013
0 0.575256 0.283717 0.198043 0.067434
0 0.337605 0.284539 0.202004 0.069079
0 0.581198 0.366776 0.186160 0.069079
0 0.560403 0.451480 0.211906 0.090461
0 0.352458 0.370066 0.215867 0.075658
0 0.346517 0.458059 0.196063 0.074013
0 0.345526 0.537829 0.178239 0.072368
0 0.549511 0.539474 0.217847 0.065789
0 0.546540 0.629112 0.176258 0.070724
0 0.348497 0.628289 0.203984 0.072368
0 0.331663 0.713816 0.209926 0.069079
0 0.547530 0.720395 0.202004 0.065789
0 0.317800 0.806743 0.202004 0.070724
0 0.537628 0.805921 0.194082 0.072368
0 0.555452 0.893914 0.198043 0.070724
0 0.321761 0.891447 0.213886 0.065789
0 0.560403 0.971217 0.211906 0.057566
0 0.334634 0.972039 0.203984 0.055921