0 0.038965 0.231908 0.077930 0.194079
0 0.219413 0.239309 0.061824 0.172697
0 0.299666 0.269737 0.082036 0.233553
0 0.391808 0.259046 0.064202 0.222039
0 0.472060 0.258224 0.077280 0.220395
0 0.552907 0.263980 0.067769 0.222039
0 0.167695 0.682566 0.153372 0.098684
0 0.176612 0.805921 0.142671 0.078947
0 0.180178 0.936678 0.149805 0.090461
0 0.533290 0.625000 0.156938 0.098684
0 0.728869 0.621711 0.162883 0.095395
0 0.922069 0.618421 0.154561 0.098684
0 0.634349 0.264803 0.073714 0.217105
0 0.714602 0.261513 0.077280 0.217105
0 0.798421 0.260691 0.073714 0.218750
0 0.885807 0.252467 0.077280 0.212171
0 0.968168 0.257401 0.063663 0.205592