0 0.050728 0.752467 0.101456 0.202303
0 0.206953 0.963816 0.191457 0.072368
0 0.361291 0.719572 0.105497 0.185855
0 0.486324 0.713816 0.105497 0.174342
0 0.610381 0.711349 0.103543 0.179276
0 0.720762 0.717105 0.109404 0.184211
0 0.829189 0.714638 0.107451 0.195724
0 0.946408 0.719572 0.091821 0.192434
0 0.881938 0.253289 0.126987 0.197368
0 0.758858 0.233553 0.103543 0.210526
0 0.630894 0.236020 0.113312 0.202303
0 0.520513 0.217105 0.095729 0.164474
0 0.408179 0.226151 0.113312 0.172697
0 0.298774 0.230263 0.109404 0.197368
0 0.048774 0.250000 0.097548 0.167763
0 0.047798 0.045230 0.095595 0.090460