0 0.639007 0.265625 0.204091 0.097039
0 0.929986 0.257401 0.140028 0.110197
0 0.863185 0.118421 0.221768 0.092105
0 0.421256 0.115954 0.205698 0.103618
0 0.107779 0.115954 0.215558 0.100329
0 0.168152 0.554276 0.210519 0.088816
0 0.448576 0.545230 0.218554 0.097039
0 0.774799 0.541118 0.189628 0.098684
0 0.962929 0.539474 0.074141 0.085526
0 0.948466 0.911184 0.103068 0.095395
0 0.745873 0.899671 0.196056 0.095395
0 0.525712 0.874178 0.205698 0.083882
0 0.289481 0.875000 0.208912 0.101974
0 0.078853 0.847039 0.157706 0.088816