0 0.545782 0.792763 0.109172 0.223684
0 0.306308 0.798520 0.119737 0.202303
0 0.179528 0.802632 0.116215 0.207237
0 0.059791 0.802632 0.116215 0.210526
0 0.803744 0.412829 0.110933 0.197368
0 0.573075 0.387336 0.096846 0.159539
0 0.453338 0.410362 0.103889 0.208882
0 0.337123 0.368421 0.100368 0.148026
0 0.223549 0.398026 0.098607 0.194079
0 0.104692 0.404605 0.114454 0.138158
0 0.099410 0.102796 0.110933 0.199013
0 0.221788 0.103618 0.119737 0.207236
0 0.338003 0.112664 0.112693 0.185855
0 0.457740 0.109375 0.098607 0.179276
0 0.575716 0.110197 0.109172 0.213816
0 0.688409 0.113487 0.088042 0.197368
0 0.810788 0.113487 0.125019 0.213816
0 0.934046 0.114309 0.103889 0.195724