0 0.462227 0.686678 0.133659 0.113487
0 0.465133 0.572368 0.151092 0.121711
0 0.476029 0.462993 0.152545 0.133224
0 0.457868 0.381579 0.101697 0.085526
0 0.452784 0.295230 0.164168 0.123355
0 0.428086 0.201480 0.135112 0.116776
0 0.443340 0.096217 0.136564 0.120066
0 0.437529 0.028783 0.156904 0.054276
0 0.730997 0.044408 0.153998 0.069079
0 0.892259 0.043586 0.145281 0.080592
0 0.736949 0.133929 0.153583 0.079887
0 0.897278 0.138628 0.148394 0.079887
0 0.894164 0.226151 0.148394 0.074013
0 0.736431 0.224977 0.158772 0.078712
0 0.742138 0.310150 0.151508 0.079887
0 0.899353 0.314262 0.156696 0.074013
0 0.919589 0.400611 0.136979 0.070489
0 0.739544 0.400611 0.156696 0.075188
0 0.737987 0.489897 0.151508 0.072838
0 0.904023 0.490484 0.170187 0.074013
0 0.755628 0.574953 0.157734 0.072838
0 0.918551 0.577890 0.139055 0.076363
0 0.914919 0.660127 0.152545 0.076363
0 0.748364 0.662477 0.143206 0.074013
0 0.753034 0.750000 0.146319 0.068139
0 0.920626 0.744126 0.147357 0.072838
0 0.913881 0.835174 0.152545 0.078712
0 0.753553 0.833999 0.149432 0.076363
0 0.755110 0.917411 0.146319 0.069314
0 0.915438 0.919173 0.161885 0.070489