0 0.146524 0.397204 0.099194 0.215461
0 0.141800 0.686678 0.096045 0.212171
0 0.374827 0.667763 0.086598 0.217105
0 0.469297 0.662829 0.096045 0.194079
0 0.572427 0.651316 0.097619 0.177632
0 0.676344 0.678454 0.097619 0.218750
0 0.790496 0.667763 0.099194 0.223684
0 0.904647 0.685855 0.100768 0.236842
0 0.902286 0.299342 0.102343 0.223684
0 0.796794 0.312500 0.092896 0.197368
0 0.687366 0.299342 0.094470 0.223684
0 0.581874 0.305921 0.088172 0.194079
0 0.468510 0.301809 0.100768 0.215461
0 0.364593 0.291118 0.094470 0.220395