0 0.123370 0.571546 0.191802 0.074013
0 0.276812 0.464638 0.104620 0.195724
0 0.273324 0.126645 0.104620 0.197368
0 0.109421 0.194901 0.212726 0.087171
0 0.103533 0.377467 0.207065 0.080592
0 0.109421 0.477796 0.216214 0.093750
0 0.874887 0.621711 0.212726 0.101974
0 0.506975 0.797697 0.087183 0.161184
0 0.739753 0.315789 0.102876 0.187500
0 0.845244 0.320724 0.090670 0.154605
0 0.942889 0.310855 0.090670 0.190789
0 0.749343 0.091283 0.087183 0.172697
0 0.840013 0.086349 0.080208 0.172697
0 0.932427 0.103618 0.101132 0.200658
0 0.609850 0.787007 0.090670 0.189145
0 0.730163 0.761513 0.097645 0.200658
0 0.853091 0.848684 0.099389 0.190789
0 0.948992 0.819901 0.088927 0.189145