0 0.532395 0.630757 0.074215 0.179276
0 0.519437 0.840461 0.074215 0.226974
0 0.311517 0.946546 0.101309 0.106908
0 0.208441 0.962993 0.093063 0.074013
0 0.247316 0.785362 0.177880 0.215461
0 0.280889 0.551809 0.136650 0.218750
0 0.710276 0.770559 0.085995 0.264803
0 0.805695 0.795230 0.076571 0.205592
0 0.886389 0.780428 0.075393 0.235197
0 0.969111 0.780428 0.061778 0.231908
0 0.959426 0.166941 0.070681 0.251645
0 0.866363 0.161184 0.077749 0.259868
0 0.780957 0.189967 0.081283 0.228618
0 0.520615 0.113487 0.083639 0.226974
0 0.211975 0.379112 0.168456 0.136513
0 0.143061 0.289474 0.167278 0.157895
0 0.134226 0.139803 0.163744 0.164474