0 0.322543 0.701425 0.050355 0.137061
0 0.382340 0.709649 0.065642 0.135965
0 0.442587 0.712939 0.056650 0.135965
0 0.503733 0.710197 0.053053 0.139254
0 0.563979 0.702522 0.056650 0.139254
0 0.630520 0.700329 0.054851 0.130482
0 0.693465 0.706908 0.051255 0.132675
0 0.760006 0.711294 0.054851 0.132675
0 0.814857 0.709101 0.054851 0.137061
0 0.872406 0.700877 0.051255 0.144737
0 0.935800 0.710746 0.053952 0.138158
0 0.987683 0.710746 0.024634 0.142544
0 0.875554 0.566557 0.120493 0.069079
0 0.915119 0.484868 0.116897 0.061404
0 0.576568 0.512281 0.098013 0.144737
0 0.832392 0.384320 0.046759 0.148026
0 0.773044 0.384868 0.053952 0.135965
0 0.716394 0.400768 0.059347 0.143640
0 0.656597 0.383772 0.054851 0.127193
0 0.530709 0.397478 0.063844 0.154605
0 0.461470 0.402412 0.054851 0.135965
0 0.403022 0.393640 0.056650 0.149123
0 0.339178 0.384868 0.060247 0.129386
0 0.274885 0.387061 0.059347 0.138158
0 0.219584 0.385965 0.051255 0.144737
0 0.152144 0.401316 0.053053 0.098684
0 0.069417 0.161732 0.117796 0.066886
0 0.065820 0.073465 0.110602 0.061404