0 0.094606 0.022361 0.075487 0.041432
0 0.086917 0.089638 0.090864 0.041118
0 0.090412 0.152961 0.075487 0.039474
0 0.102993 0.206414 0.083875 0.041118
0 0.099499 0.258224 0.082477 0.042763
0 0.097402 0.304276 0.089466 0.042763
0 0.105789 0.350329 0.095058 0.042763
0 0.119069 0.404605 0.088068 0.039474
0 0.125360 0.458059 0.089466 0.041118
0 0.135844 0.526316 0.079681 0.046053
0 0.222515 0.537829 0.040539 0.092105
0 0.137941 0.633224 0.047529 0.085526
0 0.190363 0.194901 0.054519 0.087171
0 0.230902 0.310033 0.037744 0.083882
0 0.344133 0.213816 0.046131 0.088816
0 0.401447 0.057566 0.065702 0.042763
0 0.407039 0.109375 0.079681 0.034539
0 0.458063 0.256579 0.039142 0.098684
0 0.496505 0.253289 0.037744 0.092105
0 0.537744 0.249178 0.036346 0.083882
0 0.578283 0.245066 0.030754 0.069079
0 0.621870 0.254112 0.036849 0.087171
0 0.663926 0.254112 0.037943 0.090461
0 0.705197 0.259868 0.035281 0.095395
0 0.748466 0.257401 0.036612 0.097039
0 0.790451 0.261513 0.031383 0.088816
0 0.875276 0.257284 0.035946 0.091635
0 0.413633 0.804120 0.073890 0.039944
0 0.245884 0.735589 0.076552 0.076754
0 0.213599 0.864818 0.079881 0.045426
0 0.008280 0.872650 0.016560 0.040727
0 0.037902 0.933741 0.075804 0.050125
0 0.238228 0.929041 0.109170 0.051692
0 0.389003 0.915727 0.069896 0.042293
0 0.543772 0.913769 0.074555 0.047776
0 0.456236 0.860119 0.079215 0.042293
0 0.627646 0.858161 0.074555 0.046209
0 0.706861 0.915335 0.075887 0.038377
0 0.766106 0.854637 0.077218 0.046992
0 0.764109 0.795113 0.077218 0.040727
0 0.930860 0.851504 0.071227 0.040727
0 0.909891 0.910244 0.071893 0.039160
0 0.231286 0.409430 0.038210 0.085526
0 0.564455 0.462610 0.039142 0.091009
0 0.605394 0.460855 0.035787 0.083553
0 0.649289 0.463158 0.037464 0.086842
0 0.685634 0.467434 0.035227 0.095395
0 0.729249 0.466447 0.037464 0.093421
0 0.772864 0.464145 0.035227 0.090132
0 0.816199 0.464803 0.035787 0.094079
0 0.856152 0.459868 0.033550 0.098684
0 0.897623 0.464254 0.034482 0.089912
0 0.942357 0.465351 0.036346 0.096491
0 0.983526 0.464583 0.032947 0.095395