0 0.714872 0.765625 0.102026 0.195724
0 0.875640 0.723684 0.089659 0.203947
0 0.874094 0.923520 0.098934 0.152960
0 0.726466 0.949836 0.091205 0.100328
0 0.389472 0.845395 0.088113 0.230263
0 0.532463 0.657895 0.179318 0.101974
0 0.282809 0.835526 0.097388 0.230263
0 0.166098 0.853618 0.114392 0.233553
0 0.052132 0.850329 0.104264 0.236842
0 0.503092 0.276316 0.105117 0.220395
0 0.394883 0.284539 0.098934 0.200658
0 0.290538 0.280428 0.097388 0.202303
0 0.178464 0.278783 0.111301 0.222039
0 0.065618 0.273849 0.095842 0.208882
0 0.717191 0.136513 0.091205 0.213816
0 0.821536 0.125000 0.092751 0.190789
0 0.944430 0.118421 0.094297 0.236842