0 0.323144 0.331414 0.167259 0.083882
0 0.515081 0.331414 0.178227 0.080592
0 0.737179 0.328947 0.161775 0.085526
0 0.918834 0.351151 0.157662 0.070724
0 0.822865 0.060855 0.160404 0.088816
0 0.203183 0.700658 0.160404 0.085526
0 0.388265 0.718750 0.091855 0.190789
0 0.346451 0.930099 0.164517 0.097039
0 0.579517 0.964638 0.164517 0.070724
0 0.755002 0.970395 0.134356 0.059210
0 0.877019 0.877467 0.161775 0.090461
0 0.953108 0.678454 0.069920 0.189145
0 0.862624 0.672697 0.067178 0.174342
0 0.781050 0.652138 0.068549 0.179276
0 0.700163 0.669408 0.071291 0.180921
0 0.606251 0.694079 0.072662 0.194079
0 0.512339 0.696546 0.071291 0.166118