0 0.076433 0.369243 0.114629 0.050987
0 0.073637 0.300164 0.109037 0.054276
0 0.010258 0.133224 0.020516 0.128289
0 0.144232 0.584704 0.054519 0.120066
0 0.204342 0.583882 0.046131 0.125000
0 0.152992 0.120825 0.053766 0.132844
0 0.215361 0.118927 0.053766 0.131579
0 0.273965 0.122723 0.056992 0.129049
0 0.327731 0.122723 0.054841 0.129049
0 0.387949 0.129049 0.054841 0.131579
0 0.505158 0.129681 0.052690 0.132844
0 0.563225 0.126518 0.052690 0.131579
0 0.620217 0.130314 0.054841 0.134109
0 0.681510 0.130314 0.054841 0.134109
0 0.740653 0.133477 0.048389 0.120192
0 0.799795 0.127783 0.046239 0.129049
0 0.261599 0.574393 0.053766 0.121457
0 0.327731 0.564904 0.052690 0.099949
0 0.390099 0.579453 0.052690 0.113866
0 0.445478 0.588942 0.053766 0.122723
0 0.506234 0.587677 0.052690 0.125253
0 0.565376 0.586412 0.054841 0.125253
0 0.627207 0.594636 0.051615 0.111336
0 0.743879 0.587045 0.059142 0.126518
0 0.302025 0.878642 0.053919 0.130404
0 0.363933 0.871593 0.053919 0.128055
0 0.422345 0.875117 0.052921 0.128055
0 0.475266 0.882166 0.052921 0.135103
0 0.535676 0.884516 0.051922 0.130404
0 0.599081 0.874530 0.046930 0.131579
0 0.660490 0.879817 0.051922 0.135103
0 0.716406 0.865132 0.055916 0.131579
0 0.777814 0.877467 0.048927 0.142152
0 0.840221 0.878055 0.051922 0.131579
0 0.901130 0.873355 0.053919 0.136278
0 0.958045 0.885103 0.049925 0.133929