0 0.574230 0.469572 0.082477 0.199013
0 0.648459 0.687500 0.076979 0.184211
0 0.735061 0.686678 0.076979 0.192434
0 0.828535 0.678454 0.090725 0.205592
0 0.935756 0.677632 0.074230 0.190789
0 0.326797 0.850329 0.170453 0.078947
0 0.335045 0.950658 0.162206 0.078947
0 0.326797 0.617599 0.189698 0.087171
0 0.317175 0.513980 0.162206 0.080592
0 0.307553 0.407072 0.153958 0.083882
0 0.311677 0.303454 0.137462 0.074013
0 0.325423 0.194901 0.167704 0.087171
0 0.336420 0.049342 0.184200 0.092105
0 0.601035 0.070724 0.070106 0.141447