0 0.461531 0.668586 0.142141 0.070724
0 0.467399 0.597039 0.127796 0.062500
0 0.464791 0.520559 0.130404 0.057566
0 0.458271 0.138158 0.146053 0.062500
0 0.743856 0.152138 0.127796 0.070724
0 0.760156 0.551809 0.123884 0.070724
0 0.726903 0.878289 0.065202 0.164474
0 0.791453 0.835526 0.050858 0.151316
0 0.864480 0.804276 0.053466 0.154605
0 0.925117 0.866776 0.052162 0.154605
0 0.981467 0.857730 0.037065 0.159539
0 0.974295 0.448191 0.051410 0.159539
0 0.916641 0.443257 0.043033 0.123355
0 0.856003 0.430099 0.062594 0.169408
0 0.849483 0.235197 0.054770 0.134868
0 0.909469 0.256579 0.057378 0.164474
0 0.965543 0.263158 0.059986 0.177632