0 0.475168 0.954770 0.132031 0.067434
0 0.664131 0.957237 0.117496 0.075658
0 0.830079 0.953947 0.129609 0.065789
0 0.965611 0.953125 0.068778 0.067434
0 0.245627 0.960526 0.130820 0.075658
0 0.108751 0.949013 0.104172 0.065789
0 0.013191 0.963816 0.026382 0.072368
0 0.192330 0.666941 0.062987 0.172697
0 0.091187 0.677632 0.064199 0.177632
0 0.143878 0.365132 0.062987 0.154605
0 0.077863 0.356086 0.059354 0.152961
0 0.022882 0.349507 0.045763 0.169408
0 0.337686 0.351151 0.058142 0.166118
0 0.446703 0.341283 0.094481 0.146382
0 0.650807 0.360197 0.059354 0.151316
0 0.851276 0.352796 0.055720 0.172697
0 0.974696 0.116776 0.050608 0.161184
0 0.019248 0.130757 0.038496 0.146382
0 0.075440 0.123355 0.069044 0.161184
0 0.141456 0.120066 0.058142 0.167763
0 0.209894 0.124178 0.052086 0.162829
0 0.335869 0.128289 0.059354 0.144737
0 0.400674 0.120888 0.053297 0.146382
0 0.464267 0.123355 0.052086 0.164474
0 0.529071 0.120888 0.053297 0.156250
0 0.592664 0.125822 0.056931 0.152961
0 0.655046 0.116776 0.058142 0.164474
0 0.717428 0.111842 0.056931 0.187500
0 0.785866 0.115954 0.058142 0.156250
0 0.850671 0.115954 0.052086 0.159539
0 0.911841 0.107730 0.048452 0.162829