0 0.427411 0.213816 0.061516 0.157895
0 0.709770 0.120888 0.050443 0.169408
0 0.769441 0.109375 0.056595 0.156250
0 0.834033 0.110197 0.052904 0.154605
0 0.902316 0.117599 0.051674 0.166118
0 0.965062 0.120066 0.054134 0.174342
0 0.650099 0.547697 0.051674 0.141447
0 0.710385 0.534539 0.056595 0.161184
0 0.836493 0.539474 0.052904 0.164474
0 0.899855 0.541941 0.049213 0.156250
0 0.963832 0.556743 0.056595 0.146382
0 0.644563 0.818257 0.057825 0.159539
0 0.712846 0.814967 0.049213 0.139803
0 0.774977 0.813322 0.052904 0.149671
0 0.840800 0.811678 0.051674 0.123355
0 0.906007 0.819079 0.066437 0.171053
0 0.969984 0.819901 0.059056 0.172697
0 0.527682 0.846217 0.065207 0.169408
0 0.525837 0.662007 0.056595 0.159539
0 0.464321 0.664474 0.054134 0.125000
0 0.392962 0.661184 0.061516 0.161184
0 0.319142 0.657895 0.061516 0.164474
0 0.251475 0.666118 0.063977 0.161184
0 0.121060 0.666118 0.066437 0.111842
0 0.052777 0.664474 0.065207 0.157895
0 0.121676 0.838816 0.060286 0.167763
0 0.185652 0.839638 0.050443 0.159539
0 0.253935 0.847862 0.068898 0.172697
0 0.324064 0.847039 0.063977 0.161184
0 0.396653 0.834704 0.059056 0.166118
0 0.460014 0.846217 0.055365 0.162829