0 0.471024 0.309211 0.063471 0.125000
0 0.471714 0.138158 0.056572 0.125000
0 0.276473 0.340461 0.140739 0.069079
0 0.184716 0.233553 0.045533 0.138158
0 0.124005 0.235197 0.051053 0.138158
0 0.068813 0.229441 0.053812 0.143092
0 0.014744 0.234375 0.029488 0.149671
0 0.126075 0.607730 0.057952 0.146382
0 0.255776 0.611020 0.052432 0.110197
0 0.057775 0.610197 0.062091 0.144737
0 0.011551 0.612664 0.022077 0.146382
0 0.385477 0.706414 0.063471 0.139803
0 0.508279 0.705592 0.052432 0.148026
0 0.571750 0.707237 0.055192 0.144737
0 0.250565 0.840735 0.049826 0.136148
0 0.190774 0.845303 0.051359 0.141630
0 0.125617 0.848045 0.057492 0.145285
0 0.053944 0.849872 0.067457 0.134320
0 0.381646 0.859010 0.055958 0.116045
0 0.447570 0.859466 0.059025 0.133406
0 0.515793 0.855811 0.052892 0.135234
0 0.579034 0.862664 0.049060 0.137975
0 0.640741 0.859923 0.057492 0.148940
0 0.631926 0.705044 0.053659 0.129751
0 0.691334 0.706871 0.054425 0.142544
0 0.712414 0.860837 0.055192 0.147113
0 0.776422 0.857182 0.054425 0.143458
0 0.838896 0.864949 0.058258 0.151681
0 0.827781 0.705044 0.063624 0.133406
0 0.763773 0.707785 0.053659 0.140716
0 0.972019 0.858717 0.055961 0.139803
0 0.963011 0.709046 0.051742 0.100329
0 0.901955 0.702056 0.056572 0.138980