0 0.071807 0.170230 0.061170 0.139803
0 0.199245 0.173520 0.050975 0.133224
0 0.328595 0.173520 0.054799 0.133224
0 0.245760 0.382401 0.138908 0.083882
0 0.475787 0.388158 0.099402 0.059211
0 0.386545 0.174460 0.044603 0.128055
0 0.442527 0.181508 0.045514 0.121006
0 0.505336 0.170935 0.054616 0.132754
0 0.554490 0.172110 0.043693 0.125705
0 0.610928 0.180921 0.054616 0.124530
0 0.849875 0.259633 0.042783 0.136278
0 0.902216 0.233788 0.047334 0.133929
0 0.975230 0.206414 0.049540 0.129934
0 0.609562 0.390038 0.093758 0.051692
0 0.846689 0.389450 0.092848 0.052867
0 0.962941 0.395324 0.074117 0.059915
0 0.492592 0.844572 0.101951 0.052867
0 0.791617 0.850446 0.091938 0.057566
0 0.913594 0.855146 0.090117 0.052867
0 0.992525 0.851621 0.014949 0.055216
0 0.957480 0.670113 0.085040 0.058741
0 0.940447 0.572603 0.101951 0.058741
0 0.811188 0.575540 0.089207 0.052867
0 0.836676 0.668351 0.087386 0.064615
0 0.708327 0.661302 0.100130 0.055216
0 0.676922 0.561443 0.104682 0.062265
0 0.570420 0.573778 0.093758 0.056391
0 0.539016 0.664826 0.111054 0.059915
0 0.356506 0.653665 0.108323 0.061090
0 0.234984 0.657190 0.096489 0.058741
0 0.082968 0.654253 0.111054 0.055216
0 0.211317 0.843985 0.100130 0.056391
0 0.338755 0.844572 0.107412 0.064615
0 0.009169 0.673755 0.018338 0.063675
0 0.006894 0.563205 0.013787 0.054041