0 0.941515 0.871711 0.046475 0.118421
0 0.320431 0.857682 0.051259 0.115132
0 0.371263 0.869292 0.045279 0.115132
0 0.424658 0.868324 0.051259 0.122872
0 0.479335 0.863003 0.049551 0.119969
0 0.541701 0.871711 0.051259 0.118034
0 0.600222 0.865422 0.046988 0.120937
0 0.659597 0.858649 0.052968 0.120937
0 0.715128 0.861552 0.047842 0.117067
0 0.770659 0.868808 0.056385 0.131579
0 0.828326 0.869776 0.050405 0.125774
0 0.885993 0.880418 0.051259 0.125774
0 0.792872 0.594621 0.046133 0.108746
0 0.738195 0.598781 0.049551 0.119002
0 0.686081 0.597813 0.049551 0.109327
0 0.630123 0.594911 0.055531 0.119002
0 0.568185 0.594911 0.054677 0.117067
0 0.506246 0.587171 0.050405 0.115132
0 0.448579 0.594911 0.047842 0.115132
0 0.397320 0.582817 0.047842 0.090944
0 0.285404 0.595395 0.056385 0.118034
0 0.224747 0.585236 0.051259 0.111262
0 0.171778 0.594911 0.054677 0.115132
0 0.262764 0.719718 0.110208 0.053212
0 0.017543 0.902380 0.035086 0.118615
0 0.100442 0.406830 0.094830 0.049342
0 0.093181 0.340557 0.107645 0.050310
0 0.026941 0.221072 0.053882 0.115132
0 0.179040 0.180437 0.048696 0.099652
0 0.232863 0.179954 0.046988 0.116099
0 0.298218 0.180437 0.054677 0.117067
0 0.353749 0.182856 0.051259 0.118034
0 0.402446 0.175600 0.058094 0.109327
0 0.456268 0.184791 0.052968 0.118034
0 0.512654 0.174632 0.052968 0.124807
0 0.625424 0.183340 0.054677 0.124807
0 0.681383 0.174149 0.046988 0.119969
0 0.738622 0.177051 0.048696 0.125774
0 0.795862 0.178986 0.043571 0.121904
0 0.897527 0.098200 0.105082 0.066757