0 0.141118 0.440789 0.091262 0.065789
0 0.038494 0.444901 0.076988 0.064145
0 0.038494 0.756579 0.076988 0.059211
0 0.152834 0.763980 0.127027 0.064145
0 0.131869 0.962993 0.124560 0.057566
0 0.024311 0.972039 0.048622 0.055921
0 0.358174 0.959704 0.125794 0.067434
0 0.491367 0.958059 0.101128 0.067434
0 0.621477 0.964638 0.104828 0.064145
0 0.783652 0.953947 0.113461 0.075658
0 0.987405 0.944079 0.025190 0.065789
0 0.832983 0.449836 0.103595 0.064145
0 0.659092 0.444079 0.120861 0.065789
0 0.989255 0.228618 0.021490 0.161184