0 0.172693 0.500822 0.075008 0.179276
0 0.169852 0.238487 0.067052 0.207237
0 0.168147 0.819901 0.072735 0.172697
0 0.151100 0.985197 0.063643 0.029605
0 0.465906 0.968750 0.140924 0.062500
0 0.458518 0.868421 0.123877 0.085526
0 0.463064 0.727796 0.153425 0.077303
0 0.451131 0.624178 0.140924 0.090461
0 0.440903 0.464638 0.138651 0.090461
0 0.430106 0.347039 0.160244 0.082237
0 0.419878 0.231908 0.157971 0.088816
0 0.417037 0.120066 0.163653 0.085526
0 0.432948 0.032895 0.156835 0.065789
0 0.178375 0.051809 0.061370 0.103618
0 0.746048 0.041118 0.132968 0.082236
0 0.896064 0.040296 0.135241 0.080592
0 0.913680 0.154605 0.127286 0.078947
0 0.742071 0.144737 0.138651 0.085526
0 0.736957 0.249178 0.135241 0.083882
0 0.897769 0.253289 0.154562 0.092105
0 0.906861 0.356908 0.122740 0.078947
0 0.750026 0.348684 0.143197 0.088816
0 0.740366 0.459704 0.135241 0.083882
0 0.890950 0.453947 0.129559 0.085526
0 0.879017 0.561678 0.137514 0.083882
0 0.743776 0.559211 0.114785 0.085526
0 0.746617 0.668586 0.134105 0.090461
0 0.892087 0.666118 0.131832 0.092105
0 0.901178 0.773026 0.143197 0.078947
0 0.749458 0.776316 0.137514 0.085526
0 0.739230 0.872533 0.130696 0.077303
0 0.889245 0.874178 0.139787 0.090461
0 0.891518 0.970395 0.137514 0.059210
0 0.743776 0.970395 0.144333 0.059210