0 0.087134 0.033482 0.105296 0.055216
0 0.066920 0.172697 0.049828 0.126880
0 0.124739 0.189732 0.054528 0.121006
0 0.022414 0.240249 0.044827 0.130404
0 0.112047 0.330710 0.066750 0.102209
0 0.332511 0.058153 0.099655 0.085761
0 0.174097 0.711231 0.104356 0.054041
0 0.006431 0.710056 0.012862 0.046992
0 0.166576 0.883341 0.098715 0.066964
0 0.293965 0.882754 0.097775 0.049342
0 0.295375 0.968515 0.102476 0.056391
0 0.732542 0.939145 0.091194 0.051692
0 0.852411 0.968515 0.101536 0.046992
0 0.967572 0.956180 0.064856 0.055216
0 0.951596 0.868656 0.081793 0.054041
0 0.827497 0.877467 0.091194 0.052867
0 0.713269 0.865132 0.099655 0.063440
0 0.544514 0.705357 0.100595 0.056391
0 0.657331 0.700658 0.085553 0.051692
0 0.768268 0.700070 0.074271 0.048167
0 0.871684 0.693609 0.091194 0.051692
0 0.973213 0.700070 0.053574 0.057566
0 0.962871 0.402373 0.074258 0.055216
0 0.848180 0.409422 0.100595 0.052867
0 0.735363 0.405310 0.098715 0.049342
0 0.614554 0.404723 0.101536 0.055216
0 0.501267 0.411184 0.098715 0.051692
0 0.390800 0.239074 0.060169 0.165648
0 0.479644 0.092810 0.093074 0.054041
0 0.608443 0.100446 0.102476 0.055216
0 0.494216 0.192082 0.035725 0.116306
0 0.539343 0.208529 0.035725 0.104558
0 0.586820 0.204417 0.044187 0.122180
0 0.636648 0.208529 0.044187 0.125705
0 0.689296 0.189145 0.042306 0.124530
0 0.740063 0.188557 0.040426 0.116306
0 0.781900 0.192082 0.039486 0.125705
0 0.832668 0.186795 0.045127 0.129229
0 0.891897 0.175634 0.043247 0.132754
0 0.946425 0.164474 0.043247 0.126880