0 0.591798 0.143327 0.094947 0.056391
0 0.711935 0.136278 0.098823 0.063440
0 0.875671 0.112782 0.104636 0.061090
0 0.982403 0.098684 0.035194 0.054041
0 0.180037 0.270207 0.058131 0.117481
0 0.196992 0.447016 0.095916 0.099859
0 0.297268 0.447603 0.110449 0.110432
0 0.431454 0.424107 0.107542 0.054041
0 0.543840 0.418233 0.109480 0.051692
0 0.691105 0.413534 0.109480 0.051692
0 0.818024 0.397086 0.103667 0.056391
0 0.944944 0.386513 0.109480 0.058741
0 0.968680 0.591988 0.046505 0.132754
0 0.898923 0.604323 0.050380 0.124530
0 0.842246 0.607848 0.047474 0.101034
0 0.789928 0.620183 0.047474 0.142152
0 0.666884 0.637805 0.047474 0.128055
0 0.737610 0.775846 0.078477 0.131579
0 0.672697 0.853971 0.092041 0.043468
0 0.569030 0.869831 0.101729 0.056391
0 0.604393 0.651316 0.046505 0.119831
0 0.547231 0.657777 0.048442 0.113957
0 0.486678 0.669525 0.055224 0.123355
0 0.419827 0.685973 0.055224 0.132754
0 0.352492 0.707707 0.058131 0.140977
0 0.284189 0.712993 0.057162 0.123355
0 0.219276 0.724742 0.057162 0.130404
0 0.319067 0.885691 0.111418 0.064615
0 0.437751 0.878055 0.108511 0.058741