0 0.143387 0.852796 0.080973 0.215461
0 0.133959 0.583059 0.084300 0.222039
0 0.146160 0.284539 0.064335 0.197368
0 0.148933 0.056743 0.069881 0.113486
0 0.531058 0.580592 0.066553 0.203947
0 0.527176 0.879112 0.067662 0.199013
0 0.404607 0.921875 0.146416 0.093750
0 0.413481 0.801809 0.155290 0.090461
0 0.400171 0.695724 0.130887 0.082237
0 0.399616 0.576480 0.136434 0.080592
0 0.404607 0.462171 0.133106 0.108553
0 0.424573 0.351151 0.150853 0.087171
0 0.439548 0.245888 0.147526 0.093750
0 0.453968 0.133224 0.136434 0.085526
0 0.448421 0.038651 0.131997 0.077302
0 0.725171 0.041118 0.139761 0.082236
0 0.876579 0.046053 0.125341 0.092105
0 0.885452 0.152961 0.134215 0.095395
0 0.728498 0.144737 0.135324 0.092105
0 0.725725 0.256579 0.136434 0.088816
0 0.887116 0.262336 0.135324 0.083882
0 0.882125 0.365132 0.131997 0.075658
0 0.738481 0.363487 0.135324 0.088816
0 0.728498 0.466283 0.128669 0.083882
0 0.893217 0.484375 0.147526 0.090461
0 0.733490 0.566612 0.129778 0.083882
0 0.888780 0.583882 0.154181 0.082237
0 0.889889 0.697368 0.147526 0.095395
0 0.734045 0.680921 0.128669 0.092105
0 0.727389 0.796875 0.128669 0.093750
0 0.872696 0.800164 0.124232 0.077303
0 0.861604 0.902961 0.137543 0.092105
0 0.715742 0.906250 0.138652 0.092105
0 0.721843 0.985197 0.122014 0.029605
0 0.871033 0.990954 0.140870 0.018092