0 0.484970 0.253289 0.196276 0.144737
0 0.470824 0.430921 0.111400 0.184211
0 0.820937 0.509868 0.107863 0.236842
0 0.945599 0.494243 0.099022 0.169408
0 0.547743 0.029605 0.198044 0.059210
0 0.043115 0.070724 0.086230 0.121711
0 0.227690 0.204770 0.155606 0.215461
0 0.136625 0.435033 0.125546 0.228618
0 0.284274 0.828947 0.190971 0.289474
0 0.124247 0.851151 0.125546 0.235197
0 0.022780 0.685033 0.045560 0.087171
0 0.030737 0.530428 0.061474 0.123355
0 0.029853 0.385691 0.059706 0.106908
0 0.042231 0.244243 0.084462 0.113487