0 0.411033 0.156250 0.074855 0.151316
0 0.290774 0.982730 0.123940 0.034539
0 0.049642 0.977796 0.090808 0.044408
0 0.084002 0.902138 0.149710 0.100329
0 0.263163 0.902961 0.157073 0.095395
0 0.255801 0.793586 0.181616 0.090461
0 0.263163 0.687500 0.169344 0.085526
0 0.274208 0.578125 0.164436 0.100329
0 0.273594 0.462171 0.168117 0.085526
0 0.287706 0.357730 0.179161 0.087171
0 0.263777 0.250000 0.168117 0.101974
0 0.272981 0.138980 0.169344 0.074013
0 0.272367 0.041118 0.155846 0.082236
0 0.102409 0.031250 0.127622 0.062500
0 0.101796 0.138158 0.155846 0.111842
0 0.094433 0.244243 0.148483 0.110197
0 0.102409 0.357730 0.164436 0.093750
0 0.093206 0.470395 0.160754 0.092105
0 0.088297 0.575658 0.168117 0.092105
0 0.091979 0.680099 0.141120 0.093750
0 0.084002 0.786184 0.154619 0.082237
0 0.689592 0.801809 0.104306 0.087171
0 0.717816 0.697368 0.153392 0.092105
0 0.722111 0.595395 0.166890 0.095395
0 0.728247 0.485197 0.161981 0.101974
0 0.721497 0.923520 0.185297 0.110197
0 0.710453 0.373355 0.158300 0.095395
0 0.714135 0.264803 0.175480 0.108553
0 0.714748 0.150493 0.164436 0.106908
0 0.701250 0.045230 0.134985 0.083882
0 0.887160 0.044408 0.168117 0.088816
0 0.901272 0.152961 0.164436 0.108553
0 0.898204 0.273849 0.173026 0.106908
0 0.895137 0.380757 0.161981 0.097039
0 0.905567 0.491776 0.160754 0.098684
0 0.898818 0.604441 0.157073 0.087171
0 0.899432 0.708882 0.165663 0.095395
0 0.906181 0.810033 0.154619 0.087171
0 0.901272 0.911184 0.149710 0.118421