0 0.074941 0.657072 0.074228 0.192434
0 0.178579 0.668586 0.096636 0.192434
0 0.274515 0.668586 0.075628 0.185855
0 0.369751 0.677632 0.078429 0.213816
0 0.465687 0.675987 0.077029 0.207237
0 0.561623 0.681743 0.075628 0.192434
0 0.656159 0.672697 0.091034 0.220395
0 0.858534 0.527138 0.078429 0.202303
0 0.945367 0.515625 0.075628 0.212171
0 0.953070 0.252467 0.077029 0.222039
0 0.845930 0.275493 0.072827 0.245066
0 0.664562 0.312500 0.068626 0.194079
0 0.464987 0.314967 0.086833 0.205592
0 0.374653 0.306743 0.085432 0.222039
0 0.282919 0.286184 0.081230 0.220395
0 0.172977 0.301809 0.077029 0.225329
0 0.083344 0.287007 0.079830 0.218750