0 0.052609 0.718750 0.074444 0.207237
0 0.144568 0.718750 0.074444 0.194079
0 0.232149 0.725329 0.068605 0.194079
0 0.321189 0.726974 0.074444 0.197368
0 0.416069 0.721217 0.074444 0.189145
0 0.503649 0.727796 0.065686 0.199013
0 0.619694 0.570724 0.148887 0.082237
0 0.766391 0.661184 0.074444 0.171053
0 0.775149 0.865132 0.071524 0.187500
0 0.941218 0.976974 0.117564 0.046052
0 0.898492 0.818257 0.084661 0.185855
0 0.900682 0.623355 0.074444 0.180921
0 0.593419 0.236020 0.072984 0.202303
0 0.505839 0.247533 0.067145 0.172697
0 0.418988 0.240132 0.074444 0.184211
0 0.324839 0.231908 0.070065 0.213816
0 0.237258 0.231908 0.070065 0.177632
0 0.153326 0.226151 0.074444 0.185855
0 0.055528 0.226151 0.074444 0.175987
0 0.776609 0.113487 0.074444 0.184211
0 0.860540 0.103618 0.058387 0.174342
0 0.957609 0.100329 0.077363 0.194079