0 0.481735 0.916118 0.212734 0.072368
0 0.760008 0.915296 0.223478 0.077303
0 0.756785 0.827303 0.195543 0.069079
0 0.461321 0.836349 0.227775 0.074013
0 0.493554 0.750000 0.244966 0.088816
0 0.749264 0.745888 0.232073 0.077303
0 0.753561 0.658717 0.232073 0.057566
0 0.480661 0.656250 0.236371 0.072368
0 0.490330 0.574013 0.221329 0.075658
0 0.725627 0.575658 0.227775 0.078947
0 0.733147 0.483553 0.247115 0.078947
0 0.720394 0.389803 0.243096 0.072368
0 0.469689 0.392270 0.236371 0.067434
0 0.470321 0.489358 0.250275 0.073916
0 0.484225 0.301858 0.242691 0.073529
0 0.745876 0.304760 0.212354 0.077399
0 0.738292 0.217202 0.227523 0.070627
0 0.489913 0.215267 0.243955 0.072562
0 0.451993 0.129160 0.155474 0.076432
0 0.701004 0.128193 0.223731 0.076432
0 0.686468 0.039667 0.222467 0.069659
0 0.467793 0.044988 0.174434 0.072562
0 0.044787 0.975329 0.089574 0.049342