0 0.042763 0.151316 0.069079 0.111842
0 0.124178 0.171875 0.067434 0.175987
0 0.202303 0.175164 0.069079 0.189145
0 0.286184 0.181743 0.085526 0.175987
0 0.374178 0.157895 0.077303 0.167763
0 0.452303 0.162007 0.095395 0.185855
0 0.546875 0.162829 0.087171 0.167763
0 0.623355 0.148026 0.072368 0.141447
0 0.712993 0.171053 0.074013 0.180921
0 0.792763 0.177632 0.092105 0.174342
0 0.880757 0.165296 0.083882 0.166118
0 0.969572 0.166118 0.060855 0.157895
0 0.967105 0.351974 0.065789 0.171053
0 0.890625 0.351151 0.070724 0.159539
0 0.805921 0.360197 0.085526 0.154605
0 0.722862 0.365132 0.077303 0.131579
0 0.643092 0.337993 0.082237 0.156250
0 0.552632 0.352796 0.072368 0.159539
0 0.464638 0.354441 0.074013 0.166118
0 0.379934 0.347862 0.072368 0.159539
0 0.295230 0.365132 0.077303 0.167763
0 0.205592 0.362664 0.059211 0.159539
0 0.125822 0.365132 0.064145 0.161184
0 0.046053 0.374178 0.062500 0.166118
0 0.059211 0.602796 0.118421 0.083882
0 0.513980 0.601151 0.172697 0.077303
0 0.513158 0.691612 0.148026 0.060855
0 0.865132 0.677632 0.174342 0.072368
0 0.972862 0.695724 0.054276 0.164474
0 0.732730 0.782895 0.083882 0.190789
0 0.641447 0.804276 0.082237 0.180921
0 0.055921 0.802632 0.082237 0.171053
0 0.136513 0.814967 0.075658 0.152961
0 0.219572 0.797697 0.083882 0.138158
0 0.303454 0.816612 0.083882 0.179276
0 0.403783 0.816612 0.083882 0.179276