0 0.443873 0.785362 0.193076 0.090461
0 0.703553 0.792763 0.167632 0.085526
0 0.132558 0.789474 0.196069 0.088816
0 0.262771 0.423520 0.088306 0.199013
0 0.147525 0.421875 0.097286 0.205592
0 0.038215 0.414474 0.076430 0.207237
0 0.642936 0.443257 0.088306 0.212171
0 0.752196 0.435855 0.082319 0.200658
0 0.856965 0.433388 0.088306 0.205592
0 0.955000 0.456414 0.083816 0.199013
0 0.955000 0.143092 0.080822 0.203947
0 0.851727 0.149671 0.080822 0.187500
0 0.746957 0.138158 0.080822 0.203947
0 0.655658 0.135691 0.083816 0.199013
0 0.434893 0.125822 0.082319 0.205592
0 0.331620 0.138158 0.085312 0.203947
0 0.239572 0.134868 0.080822 0.210526
0 0.146028 0.143092 0.076332 0.154605
0 0.043454 0.120888 0.086908 0.185855