0 0.438743 0.558388 0.203022 0.080592
0 0.679394 0.558388 0.201271 0.083882
0 0.060980 0.537007 0.121960 0.090461
0 0.050479 0.920230 0.100958 0.077303
0 0.230471 0.923520 0.213523 0.080592
0 0.454495 0.956414 0.206522 0.087171
0 0.738900 0.958059 0.208272 0.083882
0 0.945146 0.965461 0.109708 0.069078
0 0.752027 0.271382 0.224024 0.101974
0 0.969648 0.250822 0.060703 0.097039
0 0.927644 0.106086 0.144712 0.087171
0 0.632139 0.114309 0.243276 0.090461
0 0.119611 0.106908 0.239222 0.095395
0 0.198968 0.248355 0.206522 0.095395
0 0.451870 0.257401 0.218773 0.090461
0 0.024226 0.262336 0.048452 0.077303