0 0.295742 0.579770 0.080176 0.208882
0 0.450367 0.693257 0.150171 0.093750
0 0.573176 0.503289 0.067450 0.223684
0 0.665442 0.519737 0.076358 0.223684
0 0.763435 0.508224 0.076358 0.217105
0 0.855065 0.513980 0.076358 0.218750
0 0.948604 0.515625 0.082721 0.222039
0 0.153843 0.620066 0.073813 0.200658
0 0.286197 0.329770 0.076358 0.222039
0 0.158934 0.383224 0.081449 0.213816
0 0.081376 0.162829 0.162752 0.098684
0 0.088939 0.054276 0.167988 0.095395
0 0.472002 0.981908 0.076358 0.036184
0 0.562995 0.984375 0.069995 0.031250
0 0.655898 0.985197 0.057269 0.029605
0 0.743073 0.982730 0.071268 0.034539