0 0.036577 0.826480 0.073154 0.182566
0 0.119691 0.820724 0.080234 0.171053
0 0.211960 0.810855 0.075420 0.171053
0 0.302624 0.809211 0.070606 0.177632
0 0.411743 0.828125 0.093071 0.208882
0 0.660468 0.852796 0.077025 0.195724
0 0.758354 0.839638 0.073815 0.182566
0 0.893949 0.689145 0.178120 0.088816
0 0.893147 0.599507 0.179724 0.077303
0 0.721446 0.577303 0.112328 0.180921
0 0.561780 0.593750 0.174910 0.088816
0 0.554559 0.692434 0.182934 0.082237
0 0.347555 0.664474 0.202190 0.098684
0 0.348358 0.572368 0.194166 0.082237
0 0.118086 0.645559 0.186143 0.097039
0 0.952190 0.325658 0.095620 0.194079
0 0.857041 0.318257 0.069001 0.146382
0 0.760761 0.319079 0.081839 0.184211
0 0.680527 0.284539 0.075420 0.184211
0 0.582641 0.295230 0.075420 0.175987
0 0.485558 0.315789 0.080234 0.180921
0 0.397300 0.327303 0.080234 0.167763
0 0.309845 0.300987 0.085048 0.203947
0 0.214367 0.310033 0.077025 0.205592
0 0.118086 0.299342 0.086653 0.184211
0 0.029356 0.308388 0.058712 0.192434
0 0.125307 0.111842 0.072211 0.180921
0 0.037852 0.101151 0.070606 0.185855
0 0.215972 0.100329 0.083443 0.197368
0 0.305834 0.100329 0.080234 0.190789
0 0.402917 0.111842 0.088257 0.203947
0 0.496791 0.120066 0.083443 0.203947
0 0.585850 0.089638 0.078629 0.136513
0 0.673305 0.106086 0.073815 0.143092
0 0.763970 0.106086 0.078629 0.175987
0 0.864262 0.133224 0.080234 0.187500
0 0.953322 0.106908 0.081839 0.177632