0 0.068331 0.787007 0.136662 0.113487
0 0.068660 0.290296 0.066513 0.215461
0 0.152546 0.309211 0.059564 0.273026
0 0.238417 0.305921 0.062542 0.259868
0 0.320317 0.308388 0.065520 0.261513
0 0.409166 0.306743 0.068498 0.261513
0 0.554600 0.300987 0.063534 0.250000
0 0.627069 0.307566 0.071476 0.246711
0 0.722867 0.311678 0.064527 0.235197
0 0.801292 0.314145 0.072469 0.236842
0 0.873761 0.297697 0.064527 0.220395
0 0.952683 0.317434 0.075447 0.273026
0 0.161480 0.931743 0.061549 0.136513
0 0.237920 0.944079 0.061549 0.111842
0 0.312375 0.938322 0.065520 0.123355
0 0.398742 0.919408 0.065520 0.161184
0 0.481635 0.906250 0.064527 0.187500
0 0.562542 0.923520 0.069491 0.152960
0 0.647420 0.916118 0.070484 0.167763
0 0.732298 0.912829 0.073462 0.174342
0 0.816183 0.910362 0.070484 0.179276
0 0.890638 0.902961 0.072469 0.194078