0 0.751117 0.145559 0.100916 0.080592
0 0.747597 0.249178 0.103263 0.080592
0 0.751117 0.340461 0.098569 0.059211
0 0.746423 0.417763 0.098569 0.065789
0 0.630839 0.454770 0.106783 0.060855
0 0.493546 0.462171 0.095049 0.062500
0 0.370921 0.474507 0.098569 0.060855
0 0.250056 0.473684 0.103263 0.062500
0 0.141513 0.480263 0.109130 0.059211
0 0.137406 0.402138 0.100916 0.070724
0 0.140926 0.327303 0.098569 0.065789
0 0.143860 0.262336 0.083315 0.057566
0 0.136819 0.183388 0.099743 0.074013
0 0.133885 0.101974 0.091529 0.062500
0 0.785734 0.032895 0.043417 0.065789
0 0.203705 0.579770 0.104437 0.057566
0 0.119217 0.700658 0.048111 0.148026
0 0.173783 0.708059 0.046938 0.136513
0 0.225414 0.708059 0.042244 0.146382
0 0.275872 0.697368 0.044591 0.148026
0 0.332197 0.703125 0.046938 0.152961
0 0.387349 0.709704 0.037550 0.129934
0 0.441328 0.718750 0.046938 0.134868
0 0.492373 0.704770 0.043417 0.149671
0 0.548111 0.694901 0.051632 0.156250
0 0.605610 0.701480 0.042244 0.152961
0 0.660762 0.695724 0.049285 0.138158
0 0.717087 0.707237 0.044591 0.141447
0 0.838539 0.708882 0.036377 0.118421
0 0.894864 0.694901 0.041071 0.129934
0 0.947082 0.685855 0.044591 0.134868
0 0.988796 0.700658 0.022408 0.131579
0 0.010031 0.713816 0.020061 0.141447