0 0.763282 0.790296 0.083276 0.202303
0 0.663350 0.770559 0.078152 0.261513
0 0.560215 0.781250 0.084558 0.246711
0 0.465408 0.782895 0.076871 0.243421
0 0.357790 0.787007 0.081995 0.235197
0 0.183550 0.791941 0.076871 0.238487
0 0.093867 0.787829 0.079433 0.240132
0 0.958191 0.912007 0.083618 0.175986
0 0.940724 0.356086 0.084558 0.218750
0 0.767125 0.328125 0.172959 0.103618
0 0.350743 0.499178 0.190895 0.106908
0 0.657585 0.138158 0.074308 0.230263
0 0.562137 0.136513 0.083276 0.203947
0 0.471814 0.138980 0.087120 0.212171
0 0.366758 0.156250 0.081995 0.250000
0 0.265545 0.188322 0.084558 0.235197
0 0.166894 0.164474 0.084558 0.230263
0 0.060557 0.171053 0.087120 0.246711