0 0.047385 0.793586 0.078461 0.241776
0 0.420368 0.686678 0.173317 0.120066
0 0.220116 0.685855 0.178001 0.115132
0 0.378210 0.481086 0.168633 0.113487
0 0.180300 0.493421 0.185028 0.121711
0 0.652823 0.500822 0.129988 0.264803
0 0.474237 0.245888 0.079632 0.222039
0 0.312045 0.074836 0.183857 0.106908
0 0.788081 0.203947 0.194396 0.111842
0 0.909264 0.490954 0.181471 0.116776
0 0.652238 0.888158 0.074948 0.223684
0 0.920975 0.909539 0.158050 0.118421
0 0.915705 0.768914 0.168590 0.116776
0 0.919218 0.612664 0.161563 0.100329