0 0.036396 0.260691 0.056590 0.159539
0 0.102418 0.260691 0.052237 0.159539
0 0.456469 0.030428 0.150907 0.060855
0 0.044377 0.439967 0.060943 0.149671
0 0.006953 0.858553 0.013905 0.161184
0 0.051772 0.861083 0.055809 0.149291
0 0.127672 0.861083 0.060273 0.164474
0 0.197433 0.845901 0.061390 0.139170
0 0.265519 0.720015 0.143987 0.061994
0 0.262729 0.631452 0.127244 0.064524
0 0.415087 0.640941 0.130593 0.075911
0 0.425133 0.725709 0.135057 0.075911
0 0.677388 0.618801 0.135057 0.069585
0 0.681853 0.694079 0.114966 0.060729
0 0.336397 0.852227 0.062506 0.156883
0 0.525588 0.834514 0.059157 0.156883
0 0.596466 0.827556 0.055809 0.155617
0 0.810213 0.833882 0.059157 0.153087
0 0.880532 0.837677 0.061390 0.163209
0 0.919598 0.716220 0.137290 0.117662
0 0.924361 0.607414 0.151278 0.099949
0 0.122091 0.427632 0.053576 0.111336
0 0.171761 0.263158 0.061390 0.156883
0 0.243754 0.253036 0.058041 0.141700
0 0.181806 0.423836 0.059157 0.144231
0 0.245428 0.423203 0.056925 0.142966
0 0.317422 0.421306 0.060273 0.144231
0 0.314631 0.251139 0.061390 0.153087
0 0.384392 0.253036 0.055809 0.156883
0 0.453037 0.255567 0.059157 0.159413
0 0.518333 0.253669 0.058041 0.155617
0 0.583630 0.228998 0.056925 0.108806
0 0.653949 0.237222 0.061390 0.160678
0 0.725384 0.232794 0.061390 0.144231
0 0.384950 0.420167 0.054693 0.120192
0 0.452479 0.429023 0.062506 0.150557
0 0.522798 0.427126 0.060273 0.146761
0 0.590327 0.421432 0.056925 0.148026
0 0.658971 0.413715 0.064738 0.159413
0 0.730965 0.406756 0.059157 0.142966
0 0.791796 0.244813 0.062506 0.145496
0 0.795703 0.407389 0.061390 0.151822
0 0.868812 0.394104 0.053576 0.158148
0 0.855418 0.232161 0.058041 0.158148
0 0.923505 0.223305 0.060273 0.155617
0 0.934109 0.380187 0.054693 0.130314
0 0.980169 0.217611 0.039661 0.136640