0 0.060339 0.054276 0.051039 0.108552
0 0.060339 0.195724 0.051039 0.141447
0 0.860187 0.055099 0.052497 0.110197
0 0.862374 0.206414 0.056872 0.113487
0 0.107324 0.386387 0.116660 0.053138
0 0.120785 0.455339 0.107686 0.056933
0 0.103959 0.531250 0.114416 0.061994
0 0.105081 0.609691 0.112173 0.056933
0 0.252588 0.661564 0.124512 0.054403
0 0.434308 0.662829 0.128999 0.054403
0 0.689501 0.676746 0.118903 0.064524
0 0.811769 0.383856 0.116660 0.058198
0 0.813452 0.469256 0.120025 0.067055
0 0.819060 0.543902 0.108808 0.056933
0 0.821304 0.616650 0.104321 0.055668
0 0.976553 0.861083 0.046893 0.121457
0 0.918333 0.869939 0.051599 0.131579
0 0.783165 0.876265 0.054965 0.144231
0 0.721470 0.883224 0.052721 0.127783
0 0.656410 0.890815 0.048234 0.120192
0 0.593593 0.891447 0.052721 0.101215
0 0.529655 0.884489 0.050478 0.127783
0 0.442160 0.876265 0.050478 0.144231
0 0.382148 0.877530 0.051599 0.126518
0 0.281192 0.868674 0.060573 0.139170
0 0.213328 0.880061 0.050478 0.131579
0 0.149389 0.886387 0.048234 0.129049
0 0.089377 0.890182 0.053843 0.131579