0 0.724403 0.713816 0.068361 0.161184
0 0.495542 0.817434 0.068361 0.151316
0 0.417521 0.815789 0.063903 0.157895
0 0.335041 0.814145 0.056472 0.138158
0 0.258506 0.819079 0.063903 0.157895
0 0.183458 0.812500 0.068361 0.151316
0 0.035589 0.832237 0.057958 0.154605
0 0.038562 0.550987 0.066875 0.151316
0 0.180485 0.531250 0.065389 0.154605
0 0.333555 0.545230 0.059445 0.156250
0 0.409347 0.549342 0.065389 0.154605
0 0.488854 0.537007 0.060931 0.149671
0 0.568361 0.540296 0.068361 0.166118
0 0.725889 0.522204 0.059445 0.159539
0 0.719202 0.102796 0.060931 0.156250
0 0.512632 0.122533 0.069847 0.169408
0 0.352132 0.128289 0.072820 0.161184
0 0.036332 0.116776 0.065389 0.167763