0 0.043033 0.121711 0.067141 0.157895
0 0.123876 0.113487 0.064400 0.164474
0 0.284555 0.160362 0.065085 0.172697
0 0.371335 0.174068 0.060518 0.161732
0 0.373619 0.336486 0.058234 0.119243
0 0.278846 0.333745 0.058234 0.146656
0 0.124126 0.344024 0.057092 0.156250
0 0.045339 0.363898 0.063943 0.168586
0 0.611694 0.313871 0.057092 0.139803
0 0.452406 0.193257 0.058234 0.161732
0 0.524914 0.107593 0.061660 0.171327
0 0.597992 0.135691 0.059376 0.156250
0 0.677350 0.128838 0.058234 0.164474
0 0.739010 0.139117 0.058234 0.152138
0 0.402736 0.711349 0.059376 0.156250
0 0.618545 0.707237 0.061660 0.164474
0 0.958815 0.328262 0.059376 0.121985
0 0.958815 0.107593 0.059376 0.157621
0 0.025285 0.951480 0.050570 0.064145
0 0.141689 0.946546 0.132911 0.074013
0 0.286247 0.944901 0.131541 0.077303
0 0.487668 0.930921 0.137021 0.078947
0 0.682239 0.927632 0.150724 0.082237
0 0.881605 0.927632 0.138392 0.085526
0 0.983622 0.907895 0.032756 0.072368