0 0.047458 0.662007 0.074390 0.152961
0 0.186940 0.662829 0.080590 0.184211
0 0.316349 0.690789 0.069741 0.148026
0 0.415536 0.653783 0.079040 0.156250
0 0.534096 0.661184 0.068191 0.118421
0 0.672028 0.648026 0.077490 0.171053
0 0.775090 0.652961 0.079040 0.184211
0 0.884351 0.640625 0.080590 0.192434
0 0.922321 0.393092 0.085239 0.200658
0 0.548044 0.328947 0.189076 0.085526
0 0.349669 0.342928 0.170478 0.083882
0 0.111775 0.348684 0.168928 0.085526
0 0.395388 0.045230 0.196825 0.087171
0 0.847930 0.041941 0.184426 0.083882
0 0.988669 0.047697 0.022661 0.078947