0 0.056623 0.558388 0.076008 0.189145
0 0.086709 0.768092 0.126679 0.125000
0 0.294938 0.801809 0.182101 0.080592
0 0.824615 0.795230 0.171017 0.077303
0 0.895872 0.880757 0.174184 0.080592
0 0.832533 0.574836 0.180518 0.093750
0 0.826991 0.475329 0.178934 0.088816
0 0.823032 0.365954 0.190019 0.093750
0 0.832533 0.258224 0.193186 0.088816
0 0.833325 0.145559 0.185268 0.087171
0 0.835700 0.041118 0.183685 0.082236
0 0.324233 0.059211 0.193186 0.088816
0 0.334525 0.290296 0.204270 0.090461
0 0.345610 0.408717 0.150432 0.083882
0 0.320274 0.504934 0.194769 0.085526