0 0.804103 0.569079 0.115849 0.055921
0 0.799276 0.497533 0.109413 0.050987
0 0.515286 0.671053 0.107804 0.059211
0 0.364039 0.666118 0.117458 0.055921
0 0.226469 0.661184 0.125503 0.049342
0 0.097748 0.685033 0.109413 0.054276
0 0.097748 0.624178 0.122285 0.054276
0 0.084876 0.556743 0.128721 0.060855
0 0.079244 0.384868 0.114240 0.052632
0 0.043042 0.257401 0.051488 0.123355
0 0.046260 0.111020 0.048270 0.110197
0 0.796058 0.365132 0.128721 0.059211
0 0.799276 0.431743 0.119067 0.050987
0 0.850764 0.215461 0.051488 0.128289
0 0.849959 0.063322 0.056315 0.120066
0 0.065568 0.871711 0.057924 0.111842
0 0.124654 0.875457 0.050952 0.112390
0 0.191249 0.873629 0.050058 0.106908
0 0.256950 0.875457 0.054528 0.132493
0 0.315947 0.875000 0.056315 0.116959
0 0.383436 0.878198 0.048270 0.097770
0 0.446009 0.877741 0.051846 0.111477
0 0.508581 0.875457 0.053634 0.116045
0 0.574282 0.877741 0.049164 0.122442
0 0.702109 0.875000 0.063466 0.120614
0 0.897425 0.886879 0.051846 0.102339
0 0.963573 0.859466 0.051846 0.111477
0 0.992960 0.680830 0.014080 0.048428
0 0.994301 0.089547 0.011398 0.058480