0 0.022255 0.092928 0.044510 0.100329
0 0.076362 0.101974 0.050964 0.111842
0 0.132104 0.101974 0.047779 0.118421
0 0.196605 0.097862 0.049371 0.113487
0 0.253143 0.101151 0.044593 0.116776
0 0.309681 0.092105 0.052557 0.118421
0 0.363034 0.094572 0.047779 0.116776
0 0.417184 0.087993 0.050964 0.116776
0 0.480092 0.090461 0.049371 0.115132
0 0.537189 0.071820 0.046717 0.110746
0 0.600363 0.089364 0.045655 0.117325
0 0.655043 0.090461 0.048840 0.117325
0 0.708662 0.092105 0.045655 0.118421
0 0.764934 0.084430 0.047779 0.125000
0 0.824392 0.038377 0.049902 0.076754
0 0.876418 0.079496 0.047779 0.112939
0 0.931098 0.083882 0.044593 0.099781
0 0.979352 0.078947 0.041296 0.100877
0 0.029142 0.224232 0.043532 0.110746
0 0.086477 0.228070 0.047779 0.118421
0 0.143811 0.225329 0.045655 0.112939
0 0.202207 0.219846 0.045655 0.106360
0 0.255826 0.224232 0.044593 0.108553
0 0.310506 0.222039 0.047779 0.112939
0 0.369433 0.219846 0.050964 0.104167
0 0.427298 0.223136 0.047779 0.115132
0 0.485163 0.226974 0.048840 0.109649
0 0.540374 0.212171 0.050964 0.139254
0 0.596116 0.213268 0.041408 0.106360
0 0.653451 0.216557 0.047779 0.117325
0 0.710254 0.219846 0.048840 0.115132
0 0.765996 0.216557 0.043532 0.091009
0 0.820676 0.209430 0.046717 0.111842
0 0.872702 0.205044 0.048840 0.111842
0 0.932691 0.212171 0.052026 0.104167
0 0.980944 0.210526 0.038111 0.118421
0 0.054093 0.851096 0.044593 0.111842
0 0.005281 0.860965 0.010562 0.114035
0 0.136910 0.839035 0.050964 0.114035
0 0.194775 0.832456 0.049902 0.118421
0 0.266443 0.830263 0.040346 0.098684
0 0.329086 0.824781 0.048840 0.109649
0 0.383766 0.831360 0.043532 0.105263
0 0.434200 0.820395 0.048840 0.116228
0 0.492596 0.826425 0.055211 0.130482
0 0.548338 0.835746 0.047779 0.111842
0 0.660883 0.750219 0.109360 0.048246
0 0.037105 0.492544 0.044593 0.105263
0 0.044538 0.613706 0.044593 0.108553
0 0.097094 0.612061 0.043532 0.089912
0 0.152305 0.608772 0.041408 0.109649
0 0.211232 0.603838 0.048840 0.110746
0 0.264320 0.611513 0.044593 0.106360
0 0.321654 0.608772 0.048840 0.109649
0 0.377927 0.607127 0.046717 0.106360
0 0.432607 0.603289 0.045655 0.107456
0 0.490472 0.600548 0.050964 0.112939
0 0.546214 0.591228 0.043532 0.109649
0 0.600894 0.598904 0.044593 0.105263
0 0.653982 0.591228 0.040346 0.107456
0 0.715032 0.587939 0.049902 0.096491
0 0.772367 0.591776 0.047779 0.108553
0 0.831294 0.596162 0.048840 0.117325
0 0.881196 0.587939 0.042470 0.103070
0 0.936407 0.584649 0.044593 0.105263
0 0.985191 0.590680 0.029617 0.110746
0 0.089131 0.497259 0.038223 0.117325
0 0.148589 0.490680 0.046717 0.106360
0 0.207516 0.483004 0.047779 0.110746
0 0.263258 0.490132 0.046717 0.111842
0 0.321654 0.488487 0.048840 0.115132
0 0.375803 0.484101 0.044593 0.106360
0 0.432076 0.476974 0.048840 0.114035
0 0.487818 0.472039 0.039285 0.110746
0 0.541967 0.475877 0.049902 0.114035
0 0.603018 0.465789 0.055211 0.118421
0 0.657698 0.465241 0.041408 0.121711
0 0.717156 0.462500 0.054149 0.114035
0 0.772898 0.473465 0.038223 0.098684
0 0.826516 0.478947 0.047779 0.103070
0 0.887036 0.469627 0.047779 0.108553
0 0.948086 0.460307 0.046717 0.116228
0 0.989438 0.459211 0.021123 0.116228
0 0.860492 0.682785 0.100866 0.055921
0 0.820145 0.746382 0.096619 0.051535
0 0.953870 0.758443 0.092260 0.047149
0 0.919419 0.851645 0.055211 0.119518
0 0.979883 0.843969 0.040234 0.104167
0 0.848813 0.842325 0.054149 0.107456
0 0.784046 0.835197 0.049902 0.119518
0 0.726181 0.852193 0.050964 0.096491
0 0.667253 0.852193 0.045655 0.105263
0 0.607265 0.850548 0.055211 0.108553