0 0.575300 0.527961 0.075884 0.207237
0 0.577052 0.785362 0.070047 0.192434
0 0.575884 0.965461 0.067712 0.069078
0 0.763844 0.974507 0.144764 0.050986
0 0.920866 0.961349 0.136592 0.077302
0 0.919698 0.866776 0.131922 0.088816
0 0.770265 0.871711 0.131922 0.078947
0 0.765011 0.765625 0.133089 0.093750
0 0.916779 0.760691 0.151768 0.090461
0 0.918531 0.658717 0.138926 0.097039
0 0.755671 0.572368 0.142429 0.092105
0 0.921449 0.555099 0.137759 0.083882
0 0.773183 0.469572 0.154103 0.090461
0 0.924952 0.454770 0.137759 0.087171
0 0.934457 0.354441 0.131086 0.087171
0 0.932122 0.250000 0.135756 0.082237
0 0.928620 0.148026 0.142760 0.085526
0 0.926869 0.044408 0.146262 0.088816
0 0.774934 0.056743 0.136592 0.093750
0 0.781355 0.153783 0.116745 0.090461
0 0.788360 0.259868 0.137759 0.092105
0 0.788944 0.365132 0.145931 0.088816
0 0.577052 0.219572 0.070047 0.218750
0 0.579970 0.039474 0.061875 0.078947
0 0.658773 0.013158 0.058372 0.026316
0 0.392011 0.046053 0.143596 0.088816
0 0.234405 0.050164 0.143596 0.090461
0 0.228568 0.154605 0.143596 0.082237
0 0.375667 0.148849 0.124917 0.077303
0 0.381504 0.254112 0.143596 0.077303
0 0.225649 0.260691 0.137759 0.090461
0 0.233238 0.365954 0.131922 0.077303
0 0.227401 0.466283 0.143596 0.090461
0 0.390260 0.457237 0.126085 0.078947
0 0.378585 0.559211 0.130754 0.078947
0 0.223314 0.573191 0.151768 0.083882
0 0.222731 0.673520 0.143596 0.083882
0 0.381504 0.663651 0.143596 0.083882
0 0.380920 0.777138 0.142429 0.080592
0 0.230319 0.779605 0.142429 0.092105
0 0.222731 0.883224 0.134257 0.085526
0 0.375667 0.870888 0.143596 0.087171
0 0.379169 0.966283 0.138926 0.067434
0 0.225649 0.965461 0.137759 0.069078