0 0.033406 0.203947 0.051436 0.111842
0 0.116438 0.185033 0.052905 0.133224
0 0.012662 0.396382 0.025324 0.059211
0 0.186243 0.186678 0.054375 0.123355
0 0.258988 0.180099 0.047027 0.103618
0 0.322915 0.188322 0.048496 0.129934
0 0.388311 0.180921 0.049966 0.134868
0 0.452238 0.180921 0.054375 0.144737
0 0.513226 0.174342 0.049966 0.144737
0 0.574949 0.174342 0.047027 0.134868
0 0.635202 0.177632 0.047027 0.141447
0 0.699129 0.180099 0.048496 0.129934
0 0.765995 0.179276 0.047027 0.128289
0 0.829922 0.178454 0.048496 0.136513
0 0.922506 0.163651 0.057314 0.139803
0 0.967499 0.385691 0.065002 0.060855
0 0.849762 0.378289 0.076418 0.062500
0 0.608015 0.386513 0.104341 0.062500
0 0.411825 0.389803 0.117567 0.062500
0 0.235474 0.398849 0.129324 0.064145
0 0.068676 0.604441 0.110219 0.064145
0 0.087781 0.674342 0.116097 0.062500
0 0.586706 0.586349 0.105810 0.057566
0 0.590380 0.670230 0.110219 0.064145
0 0.729990 0.675987 0.107280 0.075658
0 0.988073 0.653783 0.023854 0.054276
0 0.950599 0.848684 0.098802 0.059211
0 0.722642 0.845395 0.110219 0.065789
0 0.289114 0.854441 0.119036 0.060855
0 0.153912 0.850329 0.107280 0.065789
0 0.033236 0.851151 0.066472 0.054276