0 0.139989 0.400493 0.105481 0.054276
0 0.280630 0.405428 0.111596 0.054276
0 0.438087 0.400493 0.108538 0.047697
0 0.603952 0.394737 0.122297 0.059211
0 0.744593 0.385691 0.113124 0.050987
0 0.887528 0.388158 0.102423 0.059211
0 0.982364 0.370066 0.035272 0.052632
0 0.983128 0.139803 0.033744 0.115132
0 0.895171 0.060855 0.111596 0.049342
0 0.922688 0.160362 0.047390 0.116776
0 0.857718 0.164474 0.055033 0.134868
0 0.755294 0.047697 0.107010 0.062500
0 0.779754 0.157895 0.058091 0.125000
0 0.714019 0.145559 0.055033 0.133224
0 0.584079 0.045230 0.116182 0.057566
0 0.655164 0.164474 0.050447 0.115132
0 0.587136 0.168586 0.051976 0.133224
0 0.529810 0.167763 0.062677 0.131579
0 0.466368 0.145559 0.055033 0.126645
0 0.408278 0.136513 0.061148 0.144737
0 0.344836 0.129112 0.053505 0.133224
0 0.289038 0.141447 0.055033 0.125000
0 0.230947 0.134046 0.055033 0.129934
0 0.167506 0.140625 0.056562 0.110197
0 0.086484 0.138980 0.050447 0.146382
0 0.027629 0.155428 0.051976 0.133224
0 0.336428 0.693257 0.119239 0.050987
0 0.516816 0.685855 0.107010 0.062500
0 0.658221 0.685855 0.114653 0.055921
0 0.944910 0.687500 0.110179 0.095395
0 0.021458 0.700658 0.042916 0.052632
0 0.084956 0.876645 0.114653 0.059211
0 0.285981 0.869243 0.110067 0.054276
0 0.490828 0.870066 0.116182 0.055921
0 0.632998 0.865954 0.113124 0.057566
0 0.804213 0.861842 0.119239 0.055921
0 0.934153 0.839638 0.110067 0.054276
0 0.934153 0.950658 0.097837 0.052632
0 0.249292 0.954770 0.107010 0.054276
0 0.125467 0.967105 0.119239 0.059211
0 0.011522 0.955592 0.023043 0.055921