0 0.510825 0.656250 0.087737 0.213816
0 0.578621 0.833882 0.070645 0.213816
0 0.368395 0.814145 0.151545 0.092105
0 0.355861 0.706414 0.142430 0.093750
0 0.360419 0.604441 0.137872 0.093750
0 0.367255 0.501645 0.146988 0.088816
0 0.209443 0.486020 0.139012 0.083882
0 0.203176 0.594572 0.146988 0.090461
0 0.199758 0.704770 0.144709 0.087171
0 0.199758 0.808388 0.108247 0.083882
0 0.207734 0.910362 0.137872 0.093750
0 0.210013 0.980263 0.137872 0.039474
0 0.375231 0.985197 0.151545 0.029605
0 0.564378 0.994243 0.046717 0.011513
0 0.212861 0.378289 0.180031 0.101974
0 0.393462 0.388158 0.137872 0.085526
0 0.371243 0.280428 0.145848 0.077303
0 0.194060 0.274671 0.126478 0.082237
0 0.206025 0.162829 0.141291 0.095395
0 0.376941 0.157072 0.143569 0.106908
0 0.375231 0.054276 0.149267 0.095395
0 0.210582 0.053454 0.136733 0.093750
0 0.571785 0.060033 0.063809 0.120066
0 0.751816 0.992599 0.120781 0.014802
0 0.901083 0.990132 0.127617 0.019736
0 0.905641 0.913651 0.148127 0.087171
0 0.754665 0.909539 0.115083 0.092105
0 0.764350 0.807566 0.123059 0.088816
0 0.921593 0.804276 0.086597 0.088816
0 0.912477 0.703947 0.141291 0.098684
0 0.756944 0.705592 0.142430 0.088816
0 0.752956 0.592928 0.141291 0.087171
0 0.908489 0.595395 0.140151 0.088816
0 0.898234 0.493421 0.115083 0.085526
0 0.761501 0.487664 0.117362 0.087171
0 0.762641 0.390625 0.131036 0.093750
0 0.919314 0.384046 0.127617 0.087171
0 0.922732 0.273026 0.129896 0.088816
0 0.771187 0.285362 0.150406 0.093750
0 0.763780 0.181743 0.153824 0.093750
0 0.914756 0.169408 0.136733 0.085526
0 0.918174 0.067434 0.143569 0.088816
0 0.768908 0.071546 0.118502 0.080592
0 0.766059 0.007401 0.135593 0.014802