0 0.032489 0.853618 0.057922 0.134868
0 0.105305 0.709704 0.067851 0.139803
0 0.115235 0.867599 0.067851 0.149671
0 0.195497 0.870066 0.066196 0.128289
0 0.281553 0.861842 0.066196 0.138158
0 0.184741 0.703947 0.061231 0.141447
0 0.277415 0.703947 0.074471 0.125000
0 0.360161 0.709704 0.061231 0.123355
0 0.439596 0.705592 0.067851 0.148026
0 0.320443 0.314145 0.064541 0.134868
0 0.359333 0.869243 0.066196 0.136513
0 0.434631 0.868421 0.071161 0.144737
0 0.576126 0.837993 0.059577 0.146382
0 0.661353 0.224507 0.057922 0.152961
0 0.738306 0.212993 0.056267 0.129934
0 0.814432 0.215461 0.062886 0.138158
0 0.893867 0.219572 0.062886 0.139803
0 0.964201 0.223684 0.064541 0.148026
0 0.589328 0.607730 0.068954 0.131579
0 0.663799 0.591968 0.057922 0.143914
0 0.810672 0.591283 0.064817 0.139803
0 0.889280 0.591968 0.070333 0.138432
0 0.963061 0.600192 0.063438 0.130208
0 0.660227 0.832237 0.061468 0.122180
0 0.737062 0.831649 0.059104 0.121006
0 0.812715 0.833412 0.056740 0.110432
0 0.889550 0.832824 0.066196 0.149201
0 0.961065 0.833412 0.069742 0.152726