0 0.159622 0.351974 0.108056 0.055921
0 0.052916 0.375822 0.067535 0.047697
0 0.035238 0.100329 0.070476 0.049342
0 0.481765 0.041941 0.114810 0.060855
0 0.954632 0.281250 0.090736 0.059211
0 0.570072 0.542646 0.049204 0.137453
0 0.512185 0.543820 0.051134 0.137453
0 0.455262 0.541471 0.043416 0.097509
0 0.394480 0.555569 0.053063 0.128055
0 0.333698 0.571429 0.051134 0.126880
0 0.273399 0.559680 0.042451 0.093985
0 0.218888 0.575540 0.045345 0.109258
0 0.158589 0.584939 0.040521 0.081062
0 0.083336 0.590226 0.050169 0.110432
0 0.032684 0.599624 0.049204 0.126880
0 0.856615 0.633694 0.049204 0.129229
0 0.918361 0.637218 0.049204 0.129229
0 0.975823 0.632519 0.048354 0.136278
0 0.802586 0.824601 0.049204 0.135103
0 0.860956 0.814615 0.040521 0.115132
0 0.913055 0.811090 0.040521 0.108083
0 0.975823 0.823426 0.048354 0.132754