0 0.258601 0.524671 0.080232 0.180921
0 0.252267 0.752467 0.064748 0.182566
0 0.182592 0.954770 0.164686 0.090460
0 0.490851 0.552632 0.142165 0.082237
0 0.624570 0.710526 0.060526 0.184211
0 0.700579 0.694901 0.057711 0.189145
0 0.783626 0.694901 0.068971 0.179276
0 0.868784 0.685855 0.067564 0.161184
0 0.953943 0.709704 0.071786 0.175987
0 0.866673 0.229441 0.077417 0.175987
0 0.783626 0.227796 0.066156 0.179276
0 0.707617 0.227796 0.066156 0.185855
0 0.626682 0.231086 0.073194 0.192434
0 0.542931 0.225329 0.066156 0.187500
0 0.369799 0.108553 0.054895 0.184211
0 0.284641 0.100329 0.076009 0.167763
0 0.210040 0.094572 0.073194 0.185855
0 0.124881 0.091283 0.066156 0.179276
0 0.049576 0.089638 0.061933 0.179276