0 0.042494 0.215461 0.064589 0.154605
0 0.122557 0.215461 0.065935 0.180921
0 0.190510 0.222862 0.064589 0.185855
0 0.268556 0.218750 0.069972 0.174342
0 0.343910 0.207237 0.064589 0.174342
0 0.487890 0.214638 0.069972 0.175987
0 0.562571 0.217105 0.063244 0.174342
0 0.635906 0.214638 0.064589 0.159539
0 0.711260 0.217105 0.072663 0.177632
0 0.788633 0.223684 0.074008 0.164474
0 0.857931 0.209704 0.069972 0.146382
0 0.936649 0.208882 0.082082 0.161184
0 0.863314 0.662829 0.069972 0.187500
0 0.790651 0.666941 0.067280 0.169408
0 0.713279 0.661184 0.065935 0.184211
0 0.632542 0.670230 0.071317 0.182566
0 0.555843 0.666118 0.068626 0.220395
0 0.478470 0.674342 0.064589 0.180921
0 0.391679 0.678454 0.063244 0.179276
0 0.323725 0.675987 0.056515 0.164474
0 0.251736 0.665296 0.065935 0.179276
0 0.179073 0.667763 0.071317 0.174342
0 0.101028 0.658717 0.065935 0.175987
0 0.031729 0.662829 0.059207 0.174342