0 0.074116 0.119243 0.148232 0.100329
0 0.498812 0.101151 0.159246 0.100329
0 0.696087 0.101151 0.159246 0.103618
0 0.904652 0.106908 0.143797 0.098684
0 0.114362 0.443257 0.167565 0.110197
0 0.324710 0.442434 0.158058 0.101974
0 0.530304 0.444901 0.143797 0.087171
0 0.731739 0.426809 0.159246 0.090461
0 0.914754 0.406250 0.152116 0.095395
0 0.115551 0.841283 0.146174 0.097039
0 0.318768 0.856908 0.115275 0.095395
0 0.501188 0.869243 0.149739 0.110197
0 0.686580 0.877467 0.140232 0.103618
0 0.860087 0.905428 0.164000 0.093750