0 0.649975 0.771382 0.063015 0.174342
0 0.563015 0.381579 0.060494 0.164474
0 0.656906 0.237664 0.061754 0.166118
0 0.493068 0.100329 0.066795 0.174342
0 0.177995 0.921053 0.134851 0.072368
0 0.080953 0.786184 0.064275 0.177632
0 0.235969 0.809211 0.134851 0.085526
0 0.217695 0.721217 0.131070 0.080592
0 0.222736 0.641447 0.126029 0.078947
0 0.215174 0.556743 0.131070 0.080592
0 0.205092 0.473684 0.126029 0.072368
0 0.200681 0.385691 0.124769 0.083882
0 0.212023 0.280428 0.152495 0.077303
0 0.220215 0.038651 0.141153 0.077302
0 0.111830 0.146382 0.060494 0.177632
0 0.045665 0.136513 0.061754 0.177632
0 0.028189 0.347862 0.056377 0.185855
0 0.095446 0.347862 0.057973 0.189145
0 0.089775 0.568257 0.066795 0.182566
0 0.448328 0.938322 0.063015 0.123355