0 0.805142 0.536184 0.100488 0.223684
0 0.880508 0.922697 0.094361 0.154605
0 0.878670 0.216283 0.068626 0.238487
0 0.781245 0.060855 0.087008 0.121710
0 0.340689 0.045230 0.174017 0.083882
0 0.229171 0.202303 0.056372 0.194079
0 0.145227 0.201480 0.067401 0.228618
0 0.133585 0.804276 0.066175 0.171053
0 0.046577 0.863487 0.068626 0.164474
0 0.311278 0.918586 0.181369 0.083882
0 0.324145 0.813322 0.165438 0.106908
0 0.341915 0.703947 0.154409 0.098684
0 0.332724 0.598684 0.150733 0.085526
0 0.342527 0.482730 0.167889 0.106908