0 0.611501 0.847039 0.078631 0.154605
0 0.609567 0.682566 0.059295 0.174342
0 0.528359 0.745888 0.061873 0.133224
0 0.463263 0.592105 0.052850 0.167763
0 0.527714 0.402138 0.068318 0.162829
0 0.609567 0.448191 0.054139 0.172697
0 0.603767 0.242599 0.076053 0.175987
0 0.604411 0.069079 0.074764 0.134868
0 0.456173 0.054276 0.074764 0.108552
0 0.422658 0.297697 0.061873 0.151316
0 0.362719 0.533717 0.065740 0.152961
0 0.381409 0.712993 0.061873 0.175987
0 0.897021 0.271382 0.064451 0.161184
0 0.868662 0.080592 0.069607 0.161184
0 0.362719 0.114309 0.063162 0.159539
0 0.240261 0.162007 0.063162 0.169408
0 0.176454 0.157072 0.054139 0.143092
0 0.106202 0.167763 0.068318 0.180921
0 0.035950 0.160362 0.061873 0.179276
0 0.164208 0.345395 0.058006 0.161184
0 0.038528 0.341283 0.067029 0.166118
0 0.075910 0.596217 0.136637 0.083882
0 0.237683 0.471217 0.132770 0.077303
0 0.243483 0.559211 0.141793 0.072368
0 0.227371 0.646382 0.143082 0.075658
0 0.123604 0.703947 0.123747 0.098684
0 0.055930 0.825658 0.060584 0.164474