0 0.879499 0.736020 0.099541 0.172697
0 0.888831 0.504112 0.105762 0.218750
0 0.891164 0.259868 0.097985 0.174342
0 0.891164 0.055099 0.101096 0.110197
0 0.559880 0.196546 0.079321 0.179276
0 0.542771 0.574013 0.085543 0.180921
0 0.558325 0.773026 0.060658 0.171053
0 0.204489 0.717928 0.149311 0.129934
0 0.126722 0.861842 0.083987 0.203947
0 0.376352 0.675164 0.172641 0.100329
0 0.395016 0.578125 0.191305 0.090461
0 0.388794 0.471217 0.153977 0.087171
0 0.052845 0.667763 0.079321 0.184211
0 0.039254 0.866776 0.078507 0.187500
0 0.206822 0.326480 0.076211 0.189145
0 0.290031 0.321546 0.077766 0.179276
0 0.392683 0.151316 0.087098 0.157895
0 0.305585 0.120888 0.071545 0.162829
0 0.214598 0.116776 0.079321 0.174342
0 0.123612 0.120888 0.087098 0.199013
0 0.037698 0.111842 0.075396 0.190789
0 0.033810 0.317434 0.067620 0.144737
0 0.122056 0.327303 0.077766 0.180921