0 0.518812 0.677632 0.080156 0.151316
0 0.437838 0.685033 0.071977 0.126645
0 0.368315 0.684211 0.063798 0.148026
0 0.293884 0.693257 0.071977 0.133224
0 0.215364 0.689967 0.071977 0.133224
0 0.138480 0.688322 0.065434 0.146382
0 0.067321 0.687500 0.067069 0.157895
0 0.042783 0.385691 0.063798 0.143092
0 0.186737 0.365132 0.067069 0.134868
0 0.184283 0.487664 0.134139 0.064145
0 0.367497 0.483553 0.140682 0.062500
0 0.263621 0.377467 0.063798 0.129934
0 0.334780 0.374178 0.049075 0.136513
0 0.408393 0.371711 0.062162 0.144737
0 0.480370 0.365132 0.065434 0.134868
0 0.558890 0.366776 0.065434 0.141447
0 0.633321 0.376645 0.063798 0.121711
0 0.706934 0.360197 0.067069 0.138158
0 0.913049 0.395559 0.073613 0.152961
0 0.977382 0.328947 0.045236 0.138158
0 0.911413 0.237664 0.076884 0.136513
0 0.727382 0.156250 0.140682 0.062500
0 0.797723 0.074836 0.157040 0.087171
0 0.905688 0.016447 0.052347 0.032894