0 0.025189 0.457237 0.034008 0.105263
0 0.063776 0.458059 0.027468 0.080592
0 0.454979 0.045504 0.068889 0.038377
0 0.532152 0.032346 0.048833 0.062500
0 0.646386 0.042763 0.034881 0.072368
0 0.698271 0.015351 0.051449 0.030702
0 0.968595 0.027412 0.035753 0.054824
0 0.929790 0.305921 0.043601 0.100877
0 0.703067 0.080044 0.074993 0.070175
0 0.703503 0.148575 0.079353 0.066886
0 0.712659 0.205592 0.073249 0.058114
0 0.709171 0.263706 0.071505 0.060307
0 0.645950 0.298794 0.039241 0.104167
0 0.710479 0.325658 0.058425 0.054825
0 0.463263 0.099781 0.074993 0.039474
0 0.531280 0.138706 0.074993 0.044956
0 0.540872 0.223684 0.031392 0.092105
0 0.091161 0.248512 0.034258 0.096335
0 0.133827 0.241071 0.033635 0.079887
0 0.171822 0.245379 0.029898 0.088503
0 0.207014 0.250862 0.030520 0.088503
0 0.243452 0.248120 0.036126 0.090852
0 0.284872 0.248512 0.033012 0.085370
0 0.324736 0.247729 0.036749 0.085370
0 0.363977 0.242638 0.034258 0.092419
0 0.399480 0.248904 0.033012 0.089286
0 0.438409 0.246945 0.029898 0.086936
0 0.101750 0.458803 0.031766 0.089286
0 0.142548 0.459195 0.031143 0.091635
0 0.183968 0.458020 0.031766 0.084586
0 0.225077 0.454496 0.033012 0.096335
0 0.265252 0.455279 0.033635 0.083803
0 0.303870 0.458020 0.032389 0.090852
0 0.348405 0.450580 0.034258 0.094768
0 0.548656 0.510417 0.036126 0.094768
0 0.550836 0.624765 0.040486 0.090069
0 0.104241 0.799029 0.067892 0.039160
0 0.078392 0.884007 0.077235 0.044643
0 0.253106 0.900846 0.079104 0.042293
0 0.368025 0.839756 0.071007 0.045426
0 0.505367 0.894972 0.074121 0.041510
0 0.653921 0.898496 0.097167 0.053258
0 0.629940 0.834273 0.076613 0.043860
0 0.793754 0.783756 0.067892 0.044643
0 0.851681 0.841714 0.072875 0.039944
0 0.873170 0.896147 0.079727 0.045426
0 0.982335 0.835746 0.035329 0.041667
0 0.972743 0.617544 0.054514 0.048246
0 0.713093 0.384712 0.068515 0.056391
0 0.714962 0.443844 0.079727 0.061873
0 0.717765 0.504151 0.066647 0.058741
0 0.733336 0.549812 0.067892 0.073935
0 0.747974 0.600956 0.067270 0.063440