0 0.428503 0.447368 0.092661 0.253289
0 0.181980 0.452303 0.169306 0.171053
0 0.180836 0.656250 0.171594 0.180921
0 0.188271 0.827303 0.163586 0.180921
0 0.264345 0.920230 0.167018 0.159539
0 0.594377 0.624178 0.085797 0.245066
0 0.613824 0.386513 0.156722 0.226974
0 0.766542 0.296053 0.173882 0.151316
0 0.795713 0.137336 0.202481 0.116776
0 0.252333 0.288651 0.177314 0.156250
0 0.216870 0.150493 0.177314 0.192434
0 0.175688 0.066612 0.159010 0.133224
0 0.886658 0.713816 0.096093 0.256579
0 0.968496 0.683388 0.063008 0.297697