0 0.055581 0.507401 0.096264 0.222039
0 0.177516 0.496711 0.096264 0.203947
0 0.284208 0.497533 0.094660 0.218750
0 0.399725 0.494243 0.097868 0.218750
0 0.505615 0.496711 0.091451 0.144737
0 0.617923 0.503289 0.110704 0.213816
0 0.738253 0.495066 0.113912 0.194079
0 0.855374 0.500000 0.104286 0.203947
0 0.952154 0.499178 0.095691 0.218750
0 0.948945 0.266447 0.102109 0.220395
0 0.832111 0.263980 0.102682 0.205592
0 0.711781 0.270559 0.102682 0.202303
0 0.604286 0.258224 0.099473 0.226974
0 0.499198 0.264803 0.088242 0.213816
0 0.394110 0.257401 0.099473 0.222039
0 0.281802 0.261513 0.102682 0.246711
0 0.171900 0.268914 0.101077 0.208882
0 0.050768 0.272204 0.089846 0.195724
0 0.476736 0.053454 0.210176 0.080592