0 0.485069 0.491776 0.097052 0.154605
0 0.589586 0.599507 0.074655 0.139803
0 0.959034 0.458882 0.081931 0.148026
0 0.950636 0.267270 0.098728 0.162829
0 0.915269 0.081414 0.095185 0.149671
0 0.567190 0.369243 0.078388 0.133224
0 0.468272 0.845395 0.145578 0.164474
0 0.260170 0.732730 0.076522 0.159539
0 0.093129 0.673520 0.171707 0.060855
0 0.092196 0.598684 0.166108 0.069079
0 0.252705 0.559211 0.080254 0.151316
0 0.082026 0.514803 0.164052 0.069079
0 0.079132 0.216283 0.072789 0.146382
0 0.013903 0.217105 0.027806 0.138158
0 0.248972 0.227796 0.072789 0.146382
0 0.239640 0.044408 0.076522 0.088816
0 0.568123 0.168586 0.091453 0.139803
0 0.555058 0.023026 0.091453 0.046052
0 0.597052 0.781250 0.089586 0.161184