0 0.060898 0.022204 0.121795 0.044408
0 0.281995 0.078947 0.066062 0.125000
0 0.149871 0.121711 0.062759 0.131579
0 0.218826 0.122807 0.052850 0.116228
0 0.347096 0.119518 0.060557 0.125000
0 0.415911 0.129386 0.055052 0.122807
0 0.488029 0.116228 0.060557 0.125000
0 0.630612 0.110197 0.068264 0.134868
0 0.703831 0.103070 0.060557 0.096491
0 0.769343 0.117325 0.059456 0.129386
0 0.969451 0.137610 0.061098 0.121711
0 0.808429 0.296601 0.133225 0.051535
0 0.949912 0.274123 0.096891 0.089912
0 0.823293 0.368969 0.143134 0.049342
0 0.937521 0.425987 0.124958 0.066886
0 0.969451 0.549123 0.061098 0.127193
0 0.152764 0.577632 0.059456 0.140351
0 0.225432 0.568311 0.057254 0.108553
0 0.293146 0.573794 0.058355 0.117325
0 0.358657 0.580921 0.059456 0.131579
0 0.425820 0.581469 0.061658 0.130482
0 0.497387 0.578180 0.063860 0.123904
0 0.568954 0.578180 0.057254 0.126096
0 0.637219 0.571053 0.061658 0.129386
0 0.707134 0.577632 0.060557 0.125000
0 0.773747 0.579825 0.061658 0.127193
0 0.614647 0.864803 0.060557 0.132675
0 0.538676 0.876864 0.058355 0.128289
0 0.465457 0.872478 0.063860 0.121711
0 0.393340 0.866447 0.064961 0.142544
0 0.318469 0.870285 0.062759 0.121711
0 0.245251 0.874123 0.066062 0.138158
0 0.169830 0.874123 0.062759 0.131579
0 0.103217 0.871382 0.055052 0.106360
0 0.035504 0.874123 0.058355 0.135965
0 0.979360 0.945833 0.041280 0.108333