0 0.165939 0.105263 0.207118 0.082237
0 0.162599 0.215461 0.220480 0.101974
0 0.155918 0.323191 0.223821 0.100329
0 0.150072 0.434211 0.165360 0.085526
0 0.151742 0.552632 0.185404 0.098684
0 0.148401 0.659539 0.192085 0.082237
0 0.155918 0.782072 0.213799 0.090461
0 0.199346 0.976151 0.213799 0.047697
0 0.631119 0.939967 0.222150 0.100329
0 0.628613 0.822368 0.217139 0.108553
0 0.626943 0.707237 0.217139 0.092105
0 0.631954 0.607730 0.207118 0.080592
0 0.621097 0.505757 0.228831 0.083882
0 0.622767 0.396382 0.212128 0.085526
0 0.622767 0.277961 0.218810 0.095395
0 0.613581 0.172697 0.217139 0.088816
0 0.612745 0.055921 0.232172 0.098684