0 0.523587 0.879112 0.169474 0.074013
0 0.063928 0.907895 0.127856 0.078947
0 0.314802 0.651316 0.080369 0.151316
0 0.041215 0.653783 0.082430 0.175987
0 0.051856 0.333882 0.078622 0.154605
0 0.143581 0.336349 0.076875 0.152961
0 0.239675 0.335526 0.073380 0.151316
0 0.500000 0.339638 0.083863 0.149671
0 0.676462 0.326480 0.080369 0.162829
0 0.035100 0.111842 0.070200 0.148026
0 0.133972 0.101974 0.075127 0.144737
0 0.228318 0.095395 0.078622 0.157895
0 0.313928 0.092928 0.071633 0.156250
0 0.400412 0.108553 0.073380 0.144737
0 0.495632 0.105263 0.085610 0.157895
0 0.596093 0.103618 0.073380 0.157895
0 0.696554 0.108553 0.085610 0.151316
0 0.787406 0.103618 0.075127 0.151316
0 0.881752 0.102796 0.085610 0.169408
0 0.964900 0.102796 0.070200 0.159539