0 0.810047 0.743421 0.090069 0.131579
0 0.810913 0.603618 0.084873 0.128289
0 0.805717 0.458059 0.077945 0.139803
0 0.800520 0.270559 0.077945 0.146382
0 0.795324 0.077303 0.077945 0.121711
0 0.491339 0.078125 0.072748 0.139803
0 0.499134 0.253289 0.067552 0.138158
0 0.506928 0.553454 0.072748 0.156250
0 0.521651 0.717928 0.074481 0.123355
0 0.357101 0.673520 0.143765 0.067434
0 0.368360 0.595395 0.152425 0.069079
0 0.363164 0.518914 0.131640 0.064145
0 0.147517 0.829770 0.081409 0.166118
0 0.064376 0.798520 0.067552 0.116776
0 0.013568 0.677632 0.027135 0.059211
0 0.118937 0.412829 0.069284 0.144737
0 0.042724 0.396382 0.072748 0.154605
0 0.193417 0.391447 0.065820 0.138158
0 0.273960 0.421053 0.067552 0.121711
0 0.350173 0.235197 0.077945 0.154605
0 0.270496 0.227796 0.074481 0.146382
0 0.187355 0.229441 0.077945 0.152961
0 0.112875 0.238487 0.074481 0.157895
0 0.037817 0.222039 0.075634 0.154605