0 0.474441 0.103618 0.112460 0.161184
0 0.421278 0.329770 0.087923 0.113487
0 0.846580 0.672697 0.161533 0.055921
0 0.976964 0.663651 0.046072 0.057566
0 0.944249 0.851151 0.111502 0.060855
0 0.769903 0.852796 0.130862 0.054276
0 0.842491 0.921875 0.169712 0.057566
0 0.601214 0.917763 0.124728 0.049342
0 0.585878 0.850329 0.155399 0.049342
0 0.396742 0.852796 0.145175 0.054276
0 0.425368 0.922697 0.161533 0.055921
0 0.105369 0.932566 0.159488 0.065789
0 0.136040 0.847039 0.155399 0.055921
0 0.290416 0.708059 0.108370 0.050987
0 0.053707 0.370888 0.107413 0.057566
0 0.008723 0.147204 0.017446 0.129934
0 0.062430 0.143092 0.061342 0.121711
0 0.143196 0.119243 0.071565 0.123355
0 0.246455 0.114309 0.114504 0.050987
0 0.241343 0.034539 0.149265 0.069078
0 0.256678 0.185855 0.143131 0.059211