0 0.557989 0.925164 0.184585 0.093750
0 0.868353 0.938322 0.115978 0.123355
0 0.842217 0.620888 0.178051 0.291118
0 0.842217 0.270559 0.119245 0.212171
0 0.555539 0.075658 0.199286 0.092105
0 0.556356 0.182566 0.161716 0.088816
0 0.554722 0.284539 0.200920 0.095395
0 0.556356 0.385691 0.217255 0.077303
0 0.553089 0.500000 0.181318 0.095395
0 0.545738 0.615132 0.196019 0.095395
0 0.545738 0.721217 0.182951 0.077303
0 0.547371 0.820724 0.192752 0.085526
0 0.344818 0.930099 0.192752 0.093750
0 0.170034 0.872533 0.098010 0.218750
0 0.342368 0.811678 0.204187 0.100329
0 0.336651 0.714638 0.209087 0.087171
0 0.322766 0.601151 0.207454 0.093750
0 0.340734 0.495066 0.194386 0.085526
0 0.327666 0.379934 0.213988 0.095395
0 0.335834 0.176809 0.210721 0.093750
0 0.333384 0.072368 0.215621 0.085526