0 0.052584 0.081414 0.105168 0.057566
0 0.143203 0.190789 0.054335 0.101974
0 0.215649 0.199013 0.061579 0.111842
0 0.347863 0.184211 0.068824 0.118421
0 0.422215 0.178571 0.068565 0.119831
0 0.493367 0.188557 0.063390 0.118656
0 0.558698 0.188557 0.064684 0.109258
0 0.624029 0.189145 0.068565 0.110432
0 0.696475 0.189145 0.068565 0.108083
0 0.770215 0.185620 0.065978 0.117481
0 0.965561 0.207942 0.060803 0.117481
0 0.801910 0.352444 0.137130 0.051692
0 0.950762 0.338346 0.098476 0.101034
0 0.951409 0.437617 0.097182 0.109258
0 0.829724 0.419408 0.138424 0.044643
0 0.136312 0.602091 0.065978 0.102209
0 0.201643 0.607378 0.064684 0.110432
0 0.273442 0.605028 0.068565 0.119831
0 0.350416 0.612664 0.067271 0.111607
0 0.420274 0.603853 0.062097 0.112782
0 0.489486 0.601504 0.065978 0.103383
0 0.563873 0.602091 0.059509 0.111607
0 0.632438 0.601504 0.067271 0.117481
0 0.700356 0.602091 0.055628 0.092810
0 0.761806 0.611490 0.062097 0.116306
0 0.965639 0.562735 0.068722 0.119831
0 0.044546 0.684798 0.089092 0.052867
0 0.026435 0.865719 0.052869 0.130404
0 0.096854 0.862782 0.062097 0.126880
0 0.164773 0.870418 0.063390 0.106908
0 0.234631 0.870418 0.063390 0.128055
0 0.301256 0.865719 0.062097 0.113957
0 0.376289 0.869243 0.067271 0.113957
0 0.450676 0.869243 0.063390 0.111607
0 0.521181 0.873355 0.067271 0.119831
0 0.603977 0.878055 0.067271 0.122180
0 0.972754 0.895089 0.054491 0.139803