0 0.858161 0.541118 0.113808 0.233553
0 0.847282 0.018914 0.092051 0.037828
0 0.556904 0.048520 0.180754 0.090461
0 0.570293 0.150493 0.194143 0.087171
0 0.585356 0.245888 0.174059 0.077303
0 0.556067 0.343750 0.195817 0.101974
0 0.551046 0.452303 0.205859 0.082237
0 0.549373 0.555921 0.172386 0.078947
0 0.551883 0.671875 0.200838 0.090461
0 0.546025 0.773849 0.205859 0.080592
0 0.560251 0.869243 0.210880 0.083882
0 0.569456 0.965461 0.212553 0.069078
0 0.337656 0.967928 0.210880 0.064144
0 0.325941 0.873355 0.200838 0.082237
0 0.320920 0.779605 0.197490 0.085526
0 0.332635 0.664474 0.204185 0.095395
0 0.348535 0.562500 0.189122 0.088816
0 0.346024 0.457237 0.174059 0.085526
0 0.350208 0.358553 0.192470 0.078947
0 0.352719 0.250000 0.204185 0.095395
0 0.341840 0.153783 0.195817 0.083882
0 0.343514 0.059211 0.212553 0.085526