0 0.366391 0.222862 0.077938 0.143092
0 0.535258 0.220395 0.070516 0.141447
0 0.757939 0.199836 0.070516 0.136513
0 0.641031 0.029605 0.133609 0.059210
0 0.042576 0.216283 0.079794 0.143092
0 0.043504 0.593750 0.066804 0.134868
0 0.195670 0.569901 0.074227 0.143092
0 0.356185 0.587171 0.079794 0.141447
0 0.433196 0.591283 0.066804 0.136513
0 0.516701 0.575658 0.077938 0.128289
0 0.602990 0.579770 0.076083 0.139803
0 0.774640 0.565789 0.070516 0.138158
0 0.782062 0.736020 0.074227 0.149671
0 0.532474 0.825658 0.079794 0.134868
0 0.446185 0.824013 0.070516 0.141447
0 0.353402 0.821546 0.074227 0.126645
0 0.276391 0.829770 0.079794 0.136513
0 0.193814 0.823191 0.074227 0.129934
0 0.037525 0.845395 0.075050 0.134868