0 0.414337 0.568257 0.088958 0.106908
0 0.429163 0.433388 0.079074 0.143092
0 0.414337 0.804276 0.072484 0.154605
0 0.240540 0.798520 0.087310 0.047697
0 0.251248 0.869243 0.098842 0.044408
0 0.163937 0.810033 0.052716 0.123355
0 0.108750 0.832237 0.047774 0.105263
0 0.051916 0.834704 0.052716 0.106908
0 0.081569 0.756579 0.098842 0.055921
0 0.251248 0.603618 0.108726 0.042763
0 0.247129 0.543586 0.113668 0.054276
0 0.243835 0.488487 0.100489 0.055921
0 0.244658 0.425987 0.115316 0.065789
0 0.237245 0.370888 0.087310 0.041118
0 0.112045 0.353618 0.097195 0.055921
0 0.160643 0.455592 0.049421 0.108553
0 0.163114 0.575658 0.054363 0.105263
0 0.107927 0.575658 0.046126 0.111842
0 0.050269 0.587171 0.056010 0.108553
0 0.246164 0.226801 0.107512 0.055402
0 0.242696 0.170100 0.091906 0.045880
0 0.245297 0.110803 0.110980 0.051939
0 0.231858 0.053238 0.110113 0.047611
0 0.150790 0.093923 0.046820 0.073580
0 0.158160 0.200398 0.044219 0.078774
0 0.101369 0.209488 0.050288 0.103878
0 0.032440 0.206025 0.049421 0.109072
0 0.034608 0.081804 0.046820 0.096087
0 0.091832 0.074879 0.055490 0.108206
0 0.046746 0.459834 0.041618 0.079640
0 0.100936 0.457670 0.047687 0.111669
0 0.010367 0.459401 0.020734 0.108206
0 0.009500 0.587517 0.019000 0.113400