0 0.116376 0.256579 0.113478 0.059211
0 0.438180 0.223684 0.133803 0.052632
0 0.006107 0.268092 0.012213 0.055921
0 0.678686 0.368421 0.137190 0.059211
0 0.908183 0.371711 0.138884 0.059211
0 0.040159 0.624178 0.069442 0.139803
0 0.111295 0.634046 0.055892 0.100329
0 0.180737 0.625000 0.069442 0.138158
0 0.255260 0.625000 0.066054 0.128289
0 0.325548 0.612664 0.057586 0.126645
0 0.401765 0.617599 0.077910 0.136513
0 0.467820 0.608553 0.057586 0.118421
0 0.551658 0.623355 0.076217 0.141447
0 0.634832 0.611799 0.069076 0.134955
0 0.710019 0.622533 0.067748 0.129934
0 0.762524 0.480263 0.155821 0.059211
0 0.920886 0.611842 0.069442 0.125000
0 0.981997 0.621364 0.036005 0.122922
0 0.041817 0.820118 0.061508 0.126385
0 0.115360 0.815357 0.064182 0.122057
0 0.191131 0.810163 0.064182 0.111669
0 0.268239 0.813193 0.065074 0.129848
0 0.342227 0.811028 0.061508 0.120325
0 0.415324 0.807566 0.063291 0.120325
0 0.490203 0.803238 0.056160 0.104744
0 0.561072 0.804536 0.062400 0.121191
0 0.634614 0.811028 0.061508 0.123788
0 0.706819 0.811894 0.061508 0.122057
0 0.872624 0.803670 0.056160 0.119460
0 0.271359 0.933518 0.133714 0.062327