0 0.423705 0.689967 0.105117 0.195724
0 0.327913 0.693257 0.072904 0.143092
0 0.230425 0.694901 0.094945 0.189145
0 0.137176 0.699836 0.098335 0.179276
0 0.038841 0.707237 0.067818 0.184211
0 0.032984 0.231908 0.065968 0.180921
0 0.121069 0.248355 0.096640 0.190789
0 0.218557 0.230263 0.074599 0.190789
0 0.313502 0.239309 0.077990 0.189145
0 0.411837 0.246711 0.081381 0.184211
0 0.507629 0.228618 0.079686 0.134868
0 0.694976 0.742599 0.081381 0.156250
0 0.684803 0.892270 0.159371 0.120066
0 0.957691 0.750000 0.084617 0.203947
0 0.950987 0.405428 0.091554 0.192434
0 0.794159 0.073191 0.089858 0.146382
0 0.712778 0.215461 0.079686 0.180921
0 0.704300 0.037829 0.079686 0.075658
0 0.832306 0.305921 0.135635 0.250000